------------------------------------------------------------------------
---------------------------------ELECTRE--------------------------------
------------------------------------------------------------------------
Indices de concordance
1 & 0.6 & 0.7 & 0.7 & 0.5 & 0.5 & 0.6 & 0.6 & 0.6 & 0.7 & 
0.4 & 1 & 0.6 & 0.6 & 0.6 & 0.5 & 0.6 & 0.5 & 0.5 & 0.7 & 
0.3 & 0.4 & 1 & 0.6 & 0.5 & 0.6 & 0.4 & 0.5 & 0.6 & 0.4 & 
0.3 & 0.4 & 0.4 & 1 & 0.4 & 0.5 & 0.5 & 0.5 & 0.7 & 0.5 & 
0.5 & 0.5 & 0.5 & 0.7 & 1 & 0.4 & 0.5 & 0.5 & 0.6 & 0.7 & 
0.5 & 0.5 & 0.4 & 0.5 & 0.6 & 1 & 0.4 & 0.4 & 0.5 & 0.5 & 
0.4 & 0.4 & 0.6 & 0.5 & 0.6 & 0.6 & 1 & 0.4 & 0.5 & 0.6 & 
0.4 & 0.5 & 0.5 & 0.5 & 0.5 & 0.6 & 0.6 & 1 & 0.6 & 0.5 & 
0.4 & 0.5 & 0.4 & 0.3 & 0.4 & 0.5 & 0.5 & 0.5 & 1 & 0.6 & 
0.3 & 0.3 & 0.6 & 0.5 & 0.3 & 0.5 & 0.4 & 0.5 & 0.4 & 1 & 

Indices de discordance
0 & 0.66 & 0.51 & 0.5 & 0.3 & 0.37 & 0.67 & 0.47 & 0.42 & 0.48 & 
0.66 & 0 & 0.75 & 0.45 & 0.49 & 0.42 & 0.93 & 0.42 & 0.91 & 0.24 & 
0.58 & 0.51 & 0 & 0.95 & 0.88 & 0.81 & 0.42 & 0.92 & 0.74 & 0.67 & 
0.49 & 0.54 & 0.83 & 0 & 0.42 & 0.59 & 0.76 & 0.33 & 0.74 & 0.43 & 
0.79 & 0.65 & 0.66 & 0.51 & 0 & 0.54 & 0.63 & 0.75 & 0.61 & 0.76 & 
0.82 & 0.54 & 0.81 & 0.9 & 0.97 & 0 & 0.91 & 0.83 & 0.89 & 0.76 & 
0.6 & 0.59 & 0.42 & 0.77 & 0.84 & 0.61 & 0 & 0.7 & 0.7 & 0.63 & 
0.51 & 0.6 & 0.59 & 0.13 & 0.55 & 0.36 & 0.66 & 0 & 0.64 & 0.42 & 
0.63 & 0.71 & 0.52 & 0.56 & 0.52 & 0.64 & 0.72 & 0.53 & 0 & 0.53 & 
0.7 & 0.27 & 0.79 & 0.69 & 0.39 & 0.68 & 0.97 & 0.66 & 0.95 & 0 & 

Non surclasses
(c=0.6,d=0.1) & , 0, 1, 2, 3, 4, 5, 6, 7, 8, 9, 11, 12, 13, 15, 16, 19, 20, 21, 22, 23, 24, 27, 28, 29, 31, 35, 36, 39, 40, 42, 43, 44, 51, 55, 59, 60, 63, 64, 71, 84, 100, 101, 102, 103, 104, 105, 106, 107, 108, 109, 111, 112, 113, 115, 116, 118, 119, 120, 121, 122, 123, 124, 126, 127, 128, 129, 131, 135, 136, 138, 139, 140, 141, 142, 143, 144, 146, 147, 148, 149, 151, 155, 156, 159, 160, 161, 163, 164, 167, 168, 171, 175, 176, 180, 181, 184, 187, 188
(c=0.6,d=0.15) & , 0, 1, 2, 3, 4, 7, 8, 9, 11, 15, 16, 19, 20, 22, 23, 24, 31, 35, 39, 40, 43, 44, 51, 64, 80, 81, 82, 83, 84, 85, 86, 87, 88, 89, 91, 92, 93, 95, 96, 98, 99, 100, 101, 102, 103, 104, 106, 107, 108, 109, 111, 115, 116, 118, 119, 120, 121, 122, 123, 124, 126, 127, 128, 129, 131, 135, 136, 139, 140, 141, 143, 144, 147, 148, 151, 155, 156, 160, 161, 164, 167, 168, 180, 181, 182, 183, 184, 185, 186, 187, 188, 189, 191, 192, 193, 195, 196, 198, 199
(c=0.6,d=0.2) & , 0, 2, 3, 4, 11, 15, 19, 20, 23, 24, 31, 44, 60, 61, 62, 63, 64, 65, 66, 67, 68, 69, 71, 72, 73, 75, 76, 78, 79, 80, 81, 82, 83, 84, 86, 87, 88, 89, 91, 95, 96, 98, 99, 100, 101, 102, 103, 104, 106, 107, 108, 109, 111, 115, 116, 119, 120, 121, 123, 124, 127, 128, 131, 135, 136, 140, 141, 144, 147, 148, 160, 161, 162, 163, 164, 165, 166, 167, 168, 169, 171, 172, 173, 175, 176, 178, 179, 180, 181, 182, 183, 184, 185, 186, 187, 188, 189, 191, 193, 195, 196, 198, 199
(c=0.6,d=0.25) & , 0, 3, 4, 11, 24, 40, 41, 42, 43, 44, 45, 46, 47, 48, 49, 51, 52, 53, 55, 56, 58, 59, 60, 61, 62, 63, 64, 66, 67, 68, 69, 71, 75, 76, 78, 79, 80, 81, 82, 83, 84, 86, 87, 88, 89, 91, 95, 96, 99, 100, 101, 103, 104, 107, 108, 111, 115, 116, 120, 121, 124, 127, 128, 140, 141, 142, 143, 144, 145, 146, 147, 148, 149, 151, 152, 153, 155, 156, 158, 159, 160, 161, 162, 163, 164, 165, 166, 167, 168, 169, 171, 173, 175, 176, 178, 179, 180, 181, 182, 183, 184, 185, 186, 187, 188, 189, 191, 193, 195, 196, 198, 199
(c=0.6,d=0.3) & , 4, 20, 21, 22, 23, 24, 25, 26, 27, 28, 29, 31, 32, 33, 35, 36, 38, 39, 40, 41, 42, 43, 44, 46, 47, 48, 49, 51, 55, 56, 58, 59, 60, 61, 62, 63, 64, 66, 67, 68, 69, 71, 75, 76, 79, 80, 81, 83, 84, 87, 88, 91, 95, 96, 100, 101, 104, 107, 108, 120, 121, 122, 123, 124, 125, 126, 127, 128, 129, 131, 132, 133, 135, 136, 138, 139, 140, 141, 142, 143, 144, 145, 146, 147, 148, 149, 151, 153, 155, 156, 158, 159, 160, 161, 162, 163, 164, 165, 166, 167, 168, 169, 171, 173, 175, 176, 178, 179, 180, 181, 183, 184, 185, 186, 187, 188, 189, 191, 195, 196, 198, 199
(c=0.7,d=0.1) & , 0, 1, 2, 3, 4, 5, 6, 7, 8, 9, 11, 12, 13, 15, 16, 18, 19, 20, 21, 22, 23, 24, 26, 27, 28, 29, 31, 35, 36, 38, 39, 40, 41, 42, 43, 44, 46, 47, 48, 49, 51, 55, 56, 59, 60, 61, 63, 64, 67, 68, 71, 75, 76, 80, 81, 84, 87, 88, 100, 101, 102, 103, 104, 105, 106, 107, 108, 109, 111, 112, 113, 115, 116, 118, 119, 120, 121, 122, 123, 124, 125, 126, 127, 128, 129, 131, 133, 135, 136, 138, 139, 140, 141, 142, 143, 144, 145, 146, 147, 148, 149, 151, 153, 155, 156, 158, 159, 160, 161, 163, 164, 165, 166, 167, 168, 169, 171, 175, 176, 178, 179, 180, 181, 183, 184, 185, 186, 187, 188, 189, 191, 195, 196, 199
(c=0.7,d=0.15) & , 0, 1, 2, 3, 4, 6, 7, 8, 9, 11, 15, 16, 18, 19, 20, 21, 22, 23, 24, 26, 27, 28, 29, 31, 35, 36, 39, 40, 41, 43, 44, 47, 48, 51, 55, 56, 60, 61, 64, 67, 68, 80, 81, 82, 83, 84, 85, 86, 87, 88, 89, 91, 92, 93, 95, 96, 98, 99, 100, 101, 102, 103, 104, 105, 106, 107, 108, 109, 111, 113, 115, 116, 118, 119, 120, 121, 122, 123, 124, 125, 126, 127, 128, 129, 131, 133, 135, 136, 138, 139, 140, 141, 143, 144, 145, 146, 147, 148, 149, 151, 155, 156, 158, 159, 160, 161, 163, 164, 165, 166, 167, 168, 169, 171, 175, 176, 179, 180, 181, 182, 183, 184, 185, 186, 187, 188, 189, 191, 192, 193, 195, 196, 197, 198, 199
(c=0.7,d=0.2) & , 0, 1, 2, 3, 4, 6, 7, 8, 9, 11, 15, 16, 19, 20, 21, 23, 24, 27, 28, 31, 35, 36, 40, 41, 44, 47, 48, 60, 61, 62, 63, 64, 65, 66, 67, 68, 69, 71, 72, 73, 75, 76, 78, 79, 80, 81, 82, 83, 84, 85, 86, 87, 88, 89, 91, 93, 95, 96, 98, 99, 100, 101, 102, 103, 104, 105, 106, 107, 108, 109, 111, 113, 115, 116, 118, 119, 120, 121, 123, 124, 125, 126, 127, 128, 129, 131, 135, 136, 138, 139, 140, 141, 143, 144, 145, 146, 147, 148, 149, 151, 155, 156, 159, 160, 161, 162, 163, 164, 165, 166, 167, 168, 169, 171, 172, 173, 175, 176, 177, 178, 179, 180, 181, 182, 183, 184, 185, 186, 187, 188, 189, 191, 192, 193, 195, 196, 197, 198, 199
(c=0.7,d=0.25) & , 0, 1, 3, 4, 7, 8, 11, 15, 16, 20, 21, 24, 27, 28, 40, 41, 42, 43, 44, 45, 46, 47, 48, 49, 51, 52, 53, 55, 56, 58, 59, 60, 61, 62, 63, 64, 65, 66, 67, 68, 69, 71, 73, 75, 76, 78, 79, 80, 81, 82, 83, 84, 85, 86, 87, 88, 89, 91, 93, 95, 96, 98, 99, 100, 101, 103, 104, 105, 106, 107, 108, 109, 111, 115, 116, 118, 119, 120, 121, 123, 124, 125, 126, 127, 128, 129, 131, 135, 136, 139, 140, 141, 142, 143, 144, 145, 146, 147, 148, 149, 151, 152, 153, 155, 156, 157, 158, 159, 160, 161, 162, 163, 164, 165, 166, 167, 168, 169, 171, 172, 173, 175, 176, 177, 178, 179, 180, 181, 182, 183, 184, 185, 186, 187, 188, 189, 191, 192, 193, 195, 196, 197, 198, 199
(c=0.7,d=0.3) & , 0, 1, 4, 7, 8, 20, 21, 22, 23, 24, 25, 26, 27, 28, 29, 31, 32, 33, 35, 36, 38, 39, 40, 41, 42, 43, 44, 45, 46, 47, 48, 49, 51, 53, 55, 56, 58, 59, 60, 61, 62, 63, 64, 65, 66, 67, 68, 69, 71, 73, 75, 76, 78, 79, 80, 81, 83, 84, 85, 86, 87, 88, 89, 91, 95, 96, 98, 99, 100, 101, 103, 104, 105, 106, 107, 108, 109, 111, 115, 116, 119, 120, 121, 122, 123, 124, 125, 126, 127, 128, 129, 131, 132, 133, 135, 136, 137, 138, 139, 140, 141, 142, 143, 144, 145, 146, 147, 148, 149, 151, 152, 153, 155, 156, 157, 158, 159, 160, 161, 162, 163, 164, 165, 166, 167, 168, 169, 171, 172, 173, 175, 176, 177, 178, 179, 180, 181, 182, 183, 184, 185, 186, 187, 188, 189, 191, 192, 193, 195, 196, 198, 199
(c=0.8,d=0.1) & , 0, 1, 2, 3, 4, 5, 6, 7, 8, 9, 11, 12, 13, 15, 16, 18, 19, 20, 21, 22, 23, 24, 25, 26, 27, 28, 29, 31, 33, 35, 36, 38, 39, 40, 41, 42, 43, 44, 45, 46, 47, 48, 49, 51, 53, 55, 56, 58, 59, 60, 61, 63, 64, 65, 66, 67, 68, 69, 71, 75, 76, 78, 79, 80, 81, 83, 84, 85, 86, 87, 88, 89, 91, 95, 96, 99, 100, 101, 102, 103, 104, 105, 106, 107, 108, 109, 111, 112, 113, 115, 116, 117, 118, 119, 120, 121, 122, 123, 124, 125, 126, 127, 128, 129, 131, 132, 133, 135, 136, 137, 138, 139, 140, 141, 142, 143, 144, 145, 146, 147, 148, 149, 151, 152, 153, 155, 156, 157, 158, 159, 160, 161, 162, 163, 164, 165, 166, 167, 168, 169, 171, 172, 173, 175, 176, 178, 179, 180, 181, 182, 183, 184, 185, 186, 187, 188, 189, 191, 192, 195, 196, 198, 199
(c=0.8,d=0.15) & , 0, 1, 2, 3, 4, 5, 6, 7, 8, 9, 11, 13, 15, 16, 18, 19, 20, 21, 22, 23, 24, 25, 26, 27, 28, 29, 31, 33, 35, 36, 38, 39, 40, 41, 43, 44, 45, 46, 47, 48, 49, 51, 55, 56, 58, 59, 60, 61, 63, 64, 65, 66, 67, 68, 69, 71, 75, 76, 79, 80, 81, 82, 83, 84, 85, 86, 87, 88, 89, 91, 92, 93, 95, 96, 97, 98, 99, 100, 101, 102, 103, 104, 105, 106, 107, 108, 109, 111, 112, 113, 115, 116, 117, 118, 119, 120, 121, 122, 123, 124, 125, 126, 127, 128, 129, 131, 132, 133, 135, 136, 137, 138, 139, 140, 141, 142, 143, 144, 145, 146, 147, 148, 149, 151, 152, 153, 155, 156, 158, 159, 160, 161, 162, 163, 164, 165, 166, 167, 168, 169, 171, 172, 175, 176, 178, 179, 180, 186, 187, 189, 191, 192, 196
(c=0.8,d=0.2) & , 0, 1, 2, 3, 4, 5, 6, 7, 8, 9, 11, 13, 15, 16, 18, 19, 20, 21, 23, 24, 25, 26, 27, 28, 29, 31, 35, 36, 38, 39, 40, 41, 43, 44, 45, 46, 47, 48, 49, 51, 55, 56, 59, 60, 61, 62, 63, 64, 65, 66, 67, 68, 69, 71, 72, 73, 75, 76, 77, 78, 79, 80, 81, 82, 83, 84, 85, 86, 87, 88, 89, 91, 92, 93, 95, 96, 97, 98, 99, 100, 101, 102, 103, 104, 105, 106, 107, 108, 109, 111, 112, 113, 115, 116, 117, 118, 119, 120, 121, 122, 123, 124, 125, 126, 127, 128, 129, 131, 132, 133, 135, 136, 138, 139, 140, 141, 142, 143, 144, 145, 146, 147, 148, 149, 151, 152, 155, 156, 158, 159, 160, 166, 167, 169, 171, 172, 176, 182, 183, 184, 186, 187, 189, 190, 193, 194, 197, 198
(c=0.8,d=0.25) & , 0, 1, 3, 4, 5, 6, 7, 8, 9, 11, 15, 16, 18, 19, 20, 21, 23, 24, 25, 26, 27, 28, 29, 31, 35, 36, 39, 40, 41, 42, 43, 44, 45, 46, 47, 48, 49, 51, 52, 53, 55, 56, 57, 58, 59, 60, 61, 62, 63, 64, 65, 66, 67, 68, 69, 71, 72, 73, 75, 76, 77, 78, 79, 80, 81, 82, 83, 84, 85, 86, 87, 88, 89, 91, 92, 93, 95, 96, 97, 98, 99, 100, 101, 102, 103, 104, 105, 106, 107, 108, 109, 111, 112, 113, 115, 116, 118, 119, 120, 121, 122, 123, 124, 125, 126, 127, 128, 129, 131, 132, 135, 136, 138, 139, 140, 146, 147, 149, 151, 152, 156, 162, 163, 164, 166, 167, 169, 170, 173, 174, 177, 178, 180, 181, 183, 184, 186, 187, 188, 189, 191, 193, 196, 197, 198
(c=0.8,d=0.3) & , 0, 1, 3, 4, 5, 6, 7, 8, 9, 11, 15, 16, 19, 20, 21, 22, 23, 24, 25, 26, 27, 28, 29, 31, 32, 33, 35, 36, 37, 38, 39, 40, 41, 42, 43, 44, 45, 46, 47, 48, 49, 51, 52, 53, 55, 56, 57, 58, 59, 60, 61, 62, 63, 64, 65, 66, 67, 68, 69, 71, 72, 73, 75, 76, 77, 78, 79, 80, 81, 82, 83, 84, 85, 86, 87, 88, 89, 91, 92, 93, 95, 96, 98, 99, 100, 101, 102, 103, 104, 105, 106, 107, 108, 109, 111, 112, 115, 116, 118, 119, 120, 126, 127, 129, 131, 132, 136, 142, 143, 144, 146, 147, 149, 150, 153, 154, 157, 158, 160, 161, 163, 164, 166, 167, 168, 169, 171, 173, 176, 177, 178, 180, 181, 182, 183, 185, 186, 188, 189, 190, 191, 192, 194, 195, 198, 199
(c=0.9,d=0.1) & , 0, 1, 2, 3, 4, 5, 6, 7, 8, 9, 11, 12, 13, 15, 16, 17, 18, 19, 20, 21, 22, 23, 24, 25, 26, 27, 28, 29, 31, 32, 33, 35, 36, 37, 38, 39, 40, 41, 42, 43, 44, 45, 46, 47, 48, 49, 51, 52, 53, 55, 56, 57, 58, 59, 60, 61, 62, 63, 64, 65, 66, 67, 68, 69, 71, 72, 73, 75, 76, 78, 79, 80, 81, 82, 83, 84, 85, 86, 87, 88, 89, 91, 92, 95, 96, 98, 99, 100, 106, 107, 109, 111, 112, 116, 122, 123, 124, 126, 127, 129, 130, 133, 134, 137, 138, 140, 141, 143, 144, 146, 147, 148, 149, 151, 153, 156, 157, 158, 160, 161, 162, 163, 165, 166, 168, 169, 170, 171, 172, 174, 175, 178, 179, 181, 182, 183, 184, 188, 189, 190, 191, 192, 193, 195, 197, 199
(c=0.9,d=0.15) & , 0, 1, 2, 3, 4, 5, 6, 7, 8, 9, 11, 12, 13, 15, 16, 17, 18, 19, 20, 21, 22, 23, 24, 25, 26, 27, 28, 29, 31, 32, 33, 35, 36, 37, 38, 39, 40, 41, 42, 43, 44, 45, 46, 47, 48, 49, 51, 52, 53, 55, 56, 58, 59, 60, 61, 62, 63, 64, 65, 66, 67, 68, 69, 71, 72, 75, 76, 78, 79, 80, 86, 87, 89, 91, 92, 96, 102, 103, 104, 106, 107, 109, 110, 113, 114, 117, 118, 120, 121, 123, 124, 126, 127, 128, 129, 131, 133, 136, 137, 138, 140, 141, 142, 143, 145, 146, 148, 149, 150, 151, 152, 154, 155, 158, 159, 161, 162, 163, 164, 168, 169, 170, 171, 172, 173, 175, 177, 179, 180, 181, 183, 184, 186, 187, 188, 189, 190, 191, 192, 193, 195, 196, 197, 199
(c=0.9,d=0.2) & , 0, 1, 2, 3, 4, 5, 6, 7, 8, 9, 11, 12, 13, 15, 16, 17, 18, 19, 20, 21, 22, 23, 24, 25, 26, 27, 28, 29, 31, 32, 33, 35, 36, 38, 39, 40, 41, 42, 43, 44, 45, 46, 47, 48, 49, 51, 52, 55, 56, 58, 59, 60, 66, 67, 69, 71, 72, 76, 82, 83, 84, 86, 87, 89, 90, 93, 94, 97, 98, 100, 101, 103, 104, 106, 107, 108, 109, 111, 113, 116, 117, 118, 120, 121, 122, 123, 125, 126, 128, 129, 130, 131, 132, 134, 135, 138, 139, 141, 142, 143, 144, 148, 149, 150, 151, 152, 153, 155, 157, 159, 160, 161, 163, 164, 166, 167, 168, 169, 170, 171, 172, 173, 175, 176, 177, 179, 181, 183, 185, 188, 189, 191, 192, 193, 194, 195, 196, 197, 199
(c=0.9,d=0.25) & , 0, 1, 2, 3, 4, 5, 6, 7, 8, 9, 11, 12, 13, 15, 16, 18, 19, 20, 21, 22, 23, 24, 25, 26, 27, 28, 29, 31, 32, 35, 36, 38, 39, 40, 46, 47, 49, 51, 52, 56, 62, 63, 64, 66, 67, 69, 70, 73, 74, 77, 78, 80, 81, 83, 84, 86, 87, 88, 89, 91, 93, 96, 97, 98, 100, 101, 102, 103, 105, 106, 108, 109, 110, 111, 112, 114, 115, 118, 119, 121, 122, 123, 124, 128, 129, 130, 131, 132, 133, 135, 137, 139, 140, 141, 143, 144, 146, 147, 148, 149, 150, 151, 152, 153, 155, 156, 157, 159, 161, 163, 165, 168, 169, 171, 172, 173, 174, 175, 176, 177, 179, 180, 181, 182, 187, 190, 191, 193, 194, 195, 197, 199
(c=0.9,d=0.3) & , 0, 1, 2, 3, 4, 5, 6, 7, 8, 9, 11, 12, 15, 16, 18, 19, 20, 26, 27, 29, 31, 32, 36, 42, 43, 44, 46, 47, 49, 50, 53, 54, 57, 58, 60, 61, 63, 64, 66, 67, 68, 69, 71, 73, 76, 77, 78, 80, 81, 82, 83, 85, 86, 88, 89, 90, 91, 92, 94, 95, 98, 99, 101, 102, 103, 104, 108, 109, 110, 111, 112, 113, 115, 117, 119, 120, 121, 123, 124, 126, 127, 128, 129, 130, 131, 132, 133, 135, 136, 137, 139, 141, 143, 145, 148, 149, 151, 152, 153, 154, 155, 156, 157, 159, 160, 161, 162, 167, 170, 171, 173, 174, 175, 177, 179, 180, 182, 183, 184, 185, 187, 188, 189, 191, 192, 193, 194, 196, 198, 199

Nombre d'apparition dans le noyau
1 & 4, 42, 47, 58, 63, 66, 67, 68, 83, 91, 95, 112, 123, 124, 129, 131, 132, 136, 145, 156, 170, 171, 174, 185, 187, 188, 199 & 20
28 & 0, 69, 78, 80, 81, 98, 119, 128, 149, 175, 182 & 19
39 & 3, 11, 29, 54, 101, 127, 137, 152, 157, 173, 184, 192 & 18
51 & 1, 7, 8, 15, 36, 43, 46, 103, 117 & 17
60 & 16, 19, 50, 53, 57, 60, 64, 71, 102, 110, 133, 143, 151, 155, 159, 163, 189, 194, 196 & 16
79 & 9, 20, 139 & 15
82 & 2, 6, 27, 90, 94, 108, 120, 153, 160, 161, 179 & 14
93 & 126, 154, 177 & 13
96 & 5, 26, 73, 88, 147, 148, 198 & 12
103 & 18, 32, 49, 82, 85, 92, 104, 141, 162 & 11
112 & 76, 77, 99, 109, 111, 130, 135 & 10
119 & 13 & 9
120 & 12, 41, 48, 86, 113, 167, 180, 183, 193 & 8
129 & 28, 75, 89, 93 & 6
133 & 31, 44, 61, 115, 121, 142, 191 & 5
140 & 34, 65, 79, 118, 165, 181 & 4
146 & 17, 23, 59, 106 & 3
150 & 33, 40, 84 & 2
153 & 125 & 1
154 & 10, 14, 21, 22, 24, 25, 30, 35, 37, 38, 39, 45, 51, 52, 55, 56, 62, 70, 72, 74, 87, 96, 97, 100, 105, 107, 114, 116, 122, 134, 138, 140, 144, 146, 150, 158, 164, 166, 168, 169, 172, 176, 178, 186, 190, 195, 197 & 0

------------------------------------------------------------------------
--------------------------------PROMETHEE-------------------------------
------------------------------------------------------------------------
Préférences globales
0:0->	0	0	0	
0:1->	0.16125	0.152857	0.153333	
0:2->	0.18375	0.165714	0.151667	
0:3->	0.19375	0.178571	0.158333	
0:4->	0.17875	0.175714	0.18	
0:5->	0.2925	0.298571	0.303333	
0:6->	0.20375	0.204286	0.205	
0:7->	0.12125	0.114286	0.108333	
0:8->	0.195	0.194286	0.193333	
0:9->	0.1725	0.167143	0.163333	
1:0->	0.085	0.0757143	0.0766667	
1:1->	0	0	0	
1:2->	0.18375	0.174286	0.163333	
1:3->	0.1425	0.135714	0.133333	
1:4->	0.1525	0.15	0.15	
1:5->	0.20375	0.197143	0.188333	
1:6->	0.1125	0.105714	0.1	
1:7->	0.08125	0.0771429	0.0733333	
1:8->	0.165	0.158571	0.151667	
1:9->	0.06875	0.05	0.0283333	
2:0->	0.0975	0.0971429	0.0966667	
2:1->	0.1625	0.157143	0.15	
2:2->	0	0	0	
2:3->	0.23	0.227143	0.218333	
2:4->	0.245	0.244286	0.243333	
2:5->	0.27875	0.282857	0.286667	
2:6->	0.0825	0.0685714	0.055	
2:7->	0.1975	0.19	0.18	
2:8->	0.14875	0.134286	0.115	
2:9->	0.18	0.184286	0.19	
3:0->	0.06875	0.0614286	0.055	
3:1->	0.085	0.0757143	0.0683333	
3:2->	0.21625	0.214286	0.215	
3:3->	0	0	0	
3:4->	0.07625	0.0728571	0.0683333	
3:5->	0.1575	0.141429	0.14	
3:6->	0.2075	0.208571	0.213333	
3:7->	0.00375	0	0	
3:8->	0.12625	0.112857	0.108333	
3:9->	0.10625	0.0942857	0.085	
4:0->	0.04	0.0285714	0.0166667	
4:1->	0.12125	0.11	0.103333	
4:2->	0.24375	0.238571	0.231667	
4:3->	0.07625	0.0614286	0.0516667	
4:4->	0	0	0	
4:5->	0.22375	0.218571	0.213333	
4:6->	0.235	0.24	0.24	
4:7->	0.0625	0.0571429	0.0583333	
4:8->	0.12875	0.112857	0.103333	
4:9->	0.11375	0.0885714	0.065	
5:0->	0.075	0.0642857	0.055	
5:1->	0.08	0.07	0.0566667	
5:2->	0.2	0.202857	0.21	
5:3->	0.1075	0.108571	0.11	
5:4->	0.1225	0.111429	0.103333	
5:5->	0	0	0	
5:6->	0.1275	0.124286	0.12	
5:7->	0.0575	0.0457143	0.0366667	
5:8->	0.1775	0.174286	0.17	
5:9->	0.17625	0.18	0.185	
6:0->	0.11375	0.108571	0.101667	
6:1->	0.13125	0.127143	0.123333	
6:2->	0.1	0.0857143	0.07	
6:3->	0.26	0.261429	0.263333	
6:4->	0.2525	0.252857	0.253333	
6:5->	0.2325	0.225714	0.221667	
6:6->	0	0	0	
6:7->	0.1875	0.185714	0.183333	
6:8->	0.135	0.14	0.146667	
6:9->	0.19625	0.175714	0.166667	
7:0->	0.055	0.0471429	0.045	
7:1->	0.085	0.0757143	0.0633333	
7:2->	0.24625	0.238571	0.235	
7:3->	0.065	0.0514286	0.035	
7:4->	0.1125	0.107143	0.103333	
7:5->	0.18625	0.175714	0.158333	
7:6->	0.19875	0.198571	0.198333	
7:7->	0	0	0	
7:8->	0.14875	0.14	0.13	
7:9->	0.13875	0.13	0.118333	
8:0->	0.0925	0.0771429	0.0633333	
8:1->	0.15	0.135714	0.125	
8:2->	0.19375	0.192857	0.198333	
8:3->	0.21375	0.222857	0.235	
8:4->	0.17625	0.172857	0.168333	
8:5->	0.3075	0.317143	0.323333	
8:6->	0.10625	0.0928571	0.09	
8:7->	0.13125	0.127143	0.123333	
8:8->	0	0	0	
8:9->	0.17	0.161429	0.155	
9:0->	0.04875	0.0471429	0.0466667	
9:1->	0.03375	0.0228571	0.01	
9:2->	0.1375	0.121429	0.105	
9:3->	0.1025	0.0871429	0.0733333	
9:4->	0.135	0.132857	0.13	
9:5->	0.24625	0.245714	0.245	
9:6->	0.17625	0.172857	0.168333	
9:7->	0.07625	0.0657143	0.0533333	
9:8->	0.14375	0.135714	0.126667	
9:9->	0	0	0	
Scores totaux

{10,90}
63: 0.213291
145: 0.209227
54: 0.206501
58: 0.203109
123: 0.193285
124: 0.181087
68: 0.177789
20: 0.176482
170: 0.156545
81: 0.153813
171: 0.149598
136: 0.149077
47: 0.143618
0: 0.142531
127: 0.141187
117: 0.127758
67: 0.126344
133: 0.123562
163: 0.121614
173: 0.121106
83: 0.116796
188: 0.112569
187: 0.109987
43: 0.109497
165: 0.108982
174: 0.107588
42: 0.105264
80: 0.103857
137: 0.10179
91: 0.100842
199: 0.0972864
129: 0.0959611
95: 0.0922048
73: 0.091897
185: 0.0914259
102: 0.0898178
31: 0.0861369
182: 0.0852324
98: 0.0833166
105: 0.0824183
128: 0.0819284
156: 0.0806219
151: 0.0802638
78: 0.0770163
112: 0.0752324
7: 0.0727198
53: 0.0723367
29: 0.0722613
66: 0.067701
71: 0.0663065
157: 0.0659171
1: 0.0646231
189: 0.0615075
192: 0.059755
120: 0.058549
6: 0.0535302
23: 0.052544
175: 0.0524435
109: 0.0521545
119: 0.0511558
149: 0.0502198
8: 0.0495352
69: 0.0483166
198: 0.0480465
135: 0.0479146
11: 0.0465201
64: 0.0413191
65: 0.0402198
36: 0.0386495
132: 0.038304
152: 0.0378643
86: 0.0341834
139: 0.033348
101: 0.0332098
141: 0.0321796
4: 0.0307789
155: 0.0305528
2: 0.0304083
184: 0.0295729
18: 0.029441
46: 0.0255088
32: 0.024956
130: 0.0240452
88: 0.0226319
26: 0.0213505
147: 0.019598
52: 0.0194661
161: 0.0171734
50: 0.0170352
162: 0.0169724
143: 0.0163693
177: 0.0159925
48: 0.014755
9: 0.0124121
121: 0.0120163
16: 0.0111055
108: 0.00996231
3: 0.00815955
159: 0.00485553
94: 0.00242462
15: 0.00208543
160: 0.00134422
179: 0.00013191
126: -0.00297111
85: -0.00539573
180: -0.0107601
76: -0.0118216
44: -0.0125628
196: -0.014598
28: -0.0154146
27: -0.0154271
131: -0.0159359
194: -0.0170917
13: -0.0176445
49: -0.0204585
60: -0.0211432
75: -0.022299
103: -0.0228266
191: -0.0229083
61: -0.0232161
57: -0.0239573
104: -0.0254209
39: -0.0258417
89: -0.0262877
110: -0.0273304
90: -0.0276696
12: -0.029554
183: -0.029598
154: -0.0331784
19: -0.0351696
107: -0.0371482
21: -0.0388442
33: -0.0427701
115: -0.0434611
99: -0.0437249
148: -0.0444472
166: -0.0448681
118: -0.0486558
5: -0.049843
37: -0.0502513
74: -0.0507915
77: -0.051049
92: -0.0517525
142: -0.0534359
113: -0.053549
153: -0.0538505
30: -0.0581658
186: -0.0606407
100: -0.061093
193: -0.061093
41: -0.0612123
40: -0.0628957
84: -0.0644095
59: -0.0648367
172: -0.0665201
114: -0.067745
168: -0.0746043
93: -0.0760113
111: -0.0786809
51: -0.080402
169: -0.0838379
82: -0.0850251
56: -0.0858417
106: -0.0863191
35: -0.0882852
17: -0.0888756
10: -0.0907977
34: -0.0929209
181: -0.0954334
45: -0.098103
138: -0.099598
87: -0.0998178
116: -0.101445
178: -0.103367
176: -0.110999
22: -0.111495
140: -0.113166
158: -0.114347
195: -0.117952
38: -0.11946
167: -0.121055
79: -0.125151
122: -0.130396
25: -0.131269
190: -0.132977
150: -0.138317
144: -0.140553
24: -0.142249
146: -0.149755
62: -0.153247
97: -0.154303
72: -0.15745
164: -0.164906
55: -0.168982
125: -0.184516
70: -0.201093
96: -0.209516
14: -0.21505
197: -0.221212
134: -0.317582

{15,85}
63: 0.426558
145: 0.417885
54: 0.412761
58: 0.406691
123: 0.386573
124: 0.362594
68: 0.354695
20: 0.353259
170: 0.313717
81: 0.307711
171: 0.299569
136: 0.296679
47: 0.285858
0: 0.28508
127: 0.281919
117: 0.256078
67: 0.252884
133: 0.247747
173: 0.242118
163: 0.242095
83: 0.233702
188: 0.226661
187: 0.220418
43: 0.219167
165: 0.2183
174: 0.214774
42: 0.210777
80: 0.20876
137: 0.204008
91: 0.202134
199: 0.194365
129: 0.191331
95: 0.184868
73: 0.184115
185: 0.183587
102: 0.179172
31: 0.173409
182: 0.170975
98: 0.165865
105: 0.164522
128: 0.163027
156: 0.162539
151: 0.161219
78: 0.154942
112: 0.150207
7: 0.145168
29: 0.144882
53: 0.143823
66: 0.13521
71: 0.132315
157: 0.131725
1: 0.128586
189: 0.122434
192: 0.11969
120: 0.116812
6: 0.106287
109: 0.105471
23: 0.105444
175: 0.104159
119: 0.103302
149: 0.100622
8: 0.0985948
135: 0.0967588
69: 0.0963209
198: 0.0949094
11: 0.092823
64: 0.0836953
65: 0.0798824
36: 0.0770056
132: 0.0766242
152: 0.0751436
86: 0.068304
139: 0.0666574
101: 0.0665695
141: 0.0645917
4: 0.0611594
155: 0.060682
184: 0.0604487
2: 0.0603939
18: 0.0589169
32: 0.0510436
46: 0.0501247
130: 0.0475987
88: 0.0452019
26: 0.0423627
52: 0.0392435
147: 0.038794
162: 0.0351059
161: 0.0346321
50: 0.0334673
143: 0.0328446
177: 0.0323241
48: 0.0307421
9: 0.0246877
121: 0.0237464
16: 0.0219813
108: 0.0206012
3: 0.0161495
159: 0.0099309
94: 0.0049659
15: 0.00343503
160: 0.00214106
179: 0.000117552
126: -0.00554828
85: -0.010227
180: -0.0203796
76: -0.0236737
44: -0.0251543
196: -0.0294078
28: -0.0309709
131: -0.031722
27: -0.0318449
194: -0.0338684
13: -0.0343638
49: -0.041198
60: -0.0432968
191: -0.0444302
103: -0.0452172
75: -0.0455294
61: -0.046145
57: -0.0480851
104: -0.052413
89: -0.0524758
39: -0.0528123
90: -0.0548842
110: -0.0552127
12: -0.057788
183: -0.0591242
154: -0.0654253
19: -0.0710346
107: -0.0750808
21: -0.0765398
33: -0.0852683
115: -0.0863541
99: -0.0867974
148: -0.0885607
166: -0.0915946
118: -0.0978805
37: -0.0989878
5: -0.0997999
74: -0.101517
77: -0.101774
92: -0.103806
142: -0.105446
113: -0.108007
153: -0.108438
30: -0.1165
186: -0.120124
41: -0.122167
193: -0.122723
100: -0.123297
40: -0.124418
84: -0.129011
59: -0.130343
172: -0.133419
114: -0.13496
168: -0.148775
93: -0.152731
111: -0.157532
51: -0.160416
169: -0.167585
82: -0.170101
56: -0.17124
106: -0.172364
35: -0.176368
17: -0.177196
10: -0.18247
34: -0.186173
181: -0.19043
45: -0.196818
138: -0.19949
87: -0.20078
116: -0.203189
178: -0.207322
176: -0.220331
22: -0.222127
140: -0.226597
158: -0.228898
195: -0.235109
38: -0.237852
167: -0.242168
79: -0.251224
122: -0.261128
25: -0.261915
190: -0.266481
150: -0.276845
144: -0.281012
24: -0.285156
146: -0.300616
62: -0.307784
97: -0.308093
72: -0.314736
164: -0.330304
55: -0.337224
125: -0.369771
70: -0.402787
96: -0.418806
14: -0.430284
197: -0.442684
134: -0.63601

{20,80}
63: 0.639648
145: 0.6259
54: 0.619135
58: 0.61072
123: 0.579772
124: 0.545174
20: 0.530805
68: 0.530591
170: 0.471807
81: 0.461488
171: 0.449293
136: 0.442893
0: 0.428614
47: 0.426779
127: 0.422522
117: 0.384595
67: 0.38064
133: 0.372504
173: 0.36329
163: 0.361442
83: 0.350377
188: 0.341988
187: 0.331164
43: 0.328648
165: 0.327404
174: 0.322563
42: 0.316439
80: 0.314748
137: 0.306228
91: 0.303315
199: 0.29114
129: 0.286029
95: 0.277808
185: 0.277389
73: 0.276201
102: 0.268317
31: 0.260938
182: 0.257098
98: 0.248369
105: 0.245803
156: 0.245395
151: 0.243346
128: 0.242968
78: 0.233325
112: 0.22504
29: 0.217746
7: 0.216977
53: 0.214535
66: 0.202639
71: 0.19791
157: 0.19711
1: 0.191735
189: 0.182568
192: 0.180109
120: 0.174802
109: 0.159734
23: 0.158484
6: 0.15833
119: 0.1561
175: 0.155759
149: 0.151024
8: 0.147364
135: 0.145955
69: 0.143574
198: 0.140512
11: 0.13856
64: 0.126685
65: 0.119087
36: 0.115347
132: 0.114916
152: 0.112254
86: 0.10291
139: 0.100058
101: 0.099953
141: 0.0968698
184: 0.0927602
4: 0.0917456
155: 0.0909584
2: 0.0900003
18: 0.0887745
32: 0.0787069
46: 0.0742705
130: 0.0699521
88: 0.0676642
26: 0.0635017
52: 0.0597628
147: 0.0579313
162: 0.0544107
161: 0.0527812
50: 0.0497069
143: 0.0495782
177: 0.0493593
48: 0.0474255
9: 0.0363376
121: 0.0351283
108: 0.0324689
16: 0.0323247
3: 0.0242148
159: 0.0150147
94: 0.00723558
15: 0.00372816
160: 0.00245932
179: -0.000142079
126: -0.00749133
85: -0.0147245
180: -0.0291903
76: -0.0358513
44: -0.0378847
196: -0.0446925
28: -0.0469257
131: -0.0472748
27: -0.0488466
13: -0.049749
194: -0.0502085
49: -0.0627725
191: -0.0650918
60: -0.0660272
103: -0.067579
61: -0.0685403
75: -0.0697589
57: -0.0721722
89: -0.0788409
39: -0.0809614
104: -0.0810394
90: -0.0819362
110: -0.083546
12: -0.0847897
183: -0.0884039
154: -0.0975694
19: -0.107534
21: -0.113659
107: -0.114118
33: -0.12794
115: -0.129327
99: -0.129352
148: -0.131869
166: -0.139518
37: -0.146609
118: -0.148056
5: -0.149708
74: -0.151868
77: -0.152344
142: -0.15553
92: -0.155799
153: -0.16332
113: -0.163476
30: -0.175311
186: -0.178775
41: -0.1837
40: -0.184233
193: -0.184883
100: -0.186304
84: -0.19345
59: -0.196147
172: -0.200781
114: -0.201099
168: -0.222502
93: -0.230402
111: -0.236569
51: -0.240249
169: -0.250584
82: -0.255285
56: -0.255679
106: -0.258318
35: -0.264894
17: -0.265412
10: -0.275042
34: -0.279749
181: -0.285815
45: -0.296207
138: -0.299264
87: -0.302673
116: -0.305023
178: -0.312038
176: -0.328472
22: -0.33242
140: -0.340902
158: -0.344158
195: -0.350595
38: -0.35585
167: -0.363801
79: -0.37851
122: -0.391689
25: -0.39184
190: -0.399906
150: -0.415497
144: -0.421289
24: -0.428464
146: -0.452727
97: -0.460773
62: -0.462818
72: -0.471679
164: -0.495648
55: -0.504803
125: -0.556111
70: -0.604914
96: -0.627499
14: -0.645443
197: -0.663823
134: -0.955406

------------------------------------------------------------------------
---------------------------------ELECTRE--------------------------------
------------------------------------------------------------------------
Indices de concordance
1 & 0.6 & 0.7 & 0.7 & 0.5 & 0.5 & 0.6 & 0.6 & 0.6 & 0.7 & 
0.4 & 1 & 0.6 & 0.6 & 0.6 & 0.5 & 0.6 & 0.5 & 0.5 & 0.7 & 
0.3 & 0.4 & 1 & 0.6 & 0.5 & 0.6 & 0.4 & 0.5 & 0.6 & 0.4 & 
0.3 & 0.4 & 0.4 & 1 & 0.4 & 0.5 & 0.5 & 0.5 & 0.7 & 0.5 & 
0.5 & 0.5 & 0.5 & 0.7 & 1 & 0.4 & 0.5 & 0.5 & 0.6 & 0.7 & 
0.5 & 0.5 & 0.4 & 0.5 & 0.6 & 1 & 0.4 & 0.4 & 0.5 & 0.5 & 
0.4 & 0.4 & 0.6 & 0.5 & 0.6 & 0.6 & 1 & 0.4 & 0.5 & 0.6 & 
0.4 & 0.5 & 0.5 & 0.5 & 0.5 & 0.6 & 0.6 & 1 & 0.6 & 0.5 & 
0.4 & 0.5 & 0.4 & 0.3 & 0.4 & 0.5 & 0.5 & 0.5 & 1 & 0.6 & 
0.3 & 0.3 & 0.6 & 0.5 & 0.3 & 0.5 & 0.4 & 0.5 & 0.4 & 1 & 

Indices de discordance
0 & 0.66 & 0.51 & 0.5 & 0.3 & 0.37 & 0.67 & 0.47 & 0.42 & 0.48 & 
0.66 & 0 & 0.75 & 0.45 & 0.49 & 0.42 & 0.93 & 0.42 & 0.91 & 0.24 & 
0.58 & 0.51 & 0 & 0.95 & 0.88 & 0.81 & 0.42 & 0.92 & 0.74 & 0.67 & 
0.49 & 0.54 & 0.83 & 0 & 0.42 & 0.59 & 0.76 & 0.33 & 0.74 & 0.43 & 
0.79 & 0.65 & 0.66 & 0.51 & 0 & 0.54 & 0.63 & 0.75 & 0.61 & 0.76 & 
0.82 & 0.54 & 0.81 & 0.9 & 0.97 & 0 & 0.91 & 0.83 & 0.89 & 0.76 & 
0.6 & 0.59 & 0.42 & 0.77 & 0.84 & 0.61 & 0 & 0.7 & 0.7 & 0.63 & 
0.51 & 0.6 & 0.59 & 0.13 & 0.55 & 0.36 & 0.66 & 0 & 0.64 & 0.42 & 
0.63 & 0.71 & 0.52 & 0.56 & 0.52 & 0.64 & 0.72 & 0.53 & 0 & 0.53 & 
0.7 & 0.27 & 0.79 & 0.69 & 0.39 & 0.68 & 0.97 & 0.66 & 0.95 & 0 & 

Non surclasses
(c=0.6,d=0.1) & , 0, 1, 2, 3, 4, 5, 6, 7, 8, 9, 11, 12, 13, 15, 16, 19, 20, 21, 22, 23, 24, 27, 28, 29, 31, 35, 36, 39, 40, 42, 43, 44, 51, 55, 59, 60, 63, 64, 71, 84, 100, 101, 102, 103, 104, 105, 106, 107, 108, 109, 111, 112, 113, 115, 116, 118, 119, 120, 121, 122, 123, 124, 126, 127, 128, 129, 131, 135, 136, 138, 139, 140, 141, 142, 143, 144, 146, 147, 148, 149, 151, 155, 156, 159, 160, 161, 163, 164, 167, 168, 171, 175, 176, 180, 181, 184, 187, 188
(c=0.6,d=0.15) & , 0, 1, 2, 3, 4, 7, 8, 9, 11, 15, 16, 19, 20, 22, 23, 24, 31, 35, 39, 40, 43, 44, 51, 64, 80, 81, 82, 83, 84, 85, 86, 87, 88, 89, 91, 92, 93, 95, 96, 98, 99, 100, 101, 102, 103, 104, 106, 107, 108, 109, 111, 115, 116, 118, 119, 120, 121, 122, 123, 124, 126, 127, 128, 129, 131, 135, 136, 139, 140, 141, 143, 144, 147, 148, 151, 155, 156, 160, 161, 164, 167, 168, 180, 181, 182, 183, 184, 185, 186, 187, 188, 189, 191, 192, 193, 195, 196, 198, 199
(c=0.6,d=0.2) & , 0, 2, 3, 4, 11, 15, 19, 20, 23, 24, 31, 44, 60, 61, 62, 63, 64, 65, 66, 67, 68, 69, 71, 72, 73, 75, 76, 78, 79, 80, 81, 82, 83, 84, 86, 87, 88, 89, 91, 95, 96, 98, 99, 100, 101, 102, 103, 104, 106, 107, 108, 109, 111, 115, 116, 119, 120, 121, 123, 124, 127, 128, 131, 135, 136, 140, 141, 144, 147, 148, 160, 161, 162, 163, 164, 165, 166, 167, 168, 169, 171, 172, 173, 175, 176, 178, 179, 180, 181, 182, 183, 184, 185, 186, 187, 188, 189, 191, 193, 195, 196, 198, 199
(c=0.6,d=0.25) & , 0, 3, 4, 11, 24, 40, 41, 42, 43, 44, 45, 46, 47, 48, 49, 51, 52, 53, 55, 56, 58, 59, 60, 61, 62, 63, 64, 66, 67, 68, 69, 71, 75, 76, 78, 79, 80, 81, 82, 83, 84, 86, 87, 88, 89, 91, 95, 96, 99, 100, 101, 103, 104, 107, 108, 111, 115, 116, 120, 121, 124, 127, 128, 140, 141, 142, 143, 144, 145, 146, 147, 148, 149, 151, 152, 153, 155, 156, 158, 159, 160, 161, 162, 163, 164, 165, 166, 167, 168, 169, 171, 173, 175, 176, 178, 179, 180, 181, 182, 183, 184, 185, 186, 187, 188, 189, 191, 193, 195, 196, 198, 199
(c=0.6,d=0.3) & , 4, 20, 21, 22, 23, 24, 25, 26, 27, 28, 29, 31, 32, 33, 35, 36, 38, 39, 40, 41, 42, 43, 44, 46, 47, 48, 49, 51, 55, 56, 58, 59, 60, 61, 62, 63, 64, 66, 67, 68, 69, 71, 75, 76, 79, 80, 81, 83, 84, 87, 88, 91, 95, 96, 100, 101, 104, 107, 108, 120, 121, 122, 123, 124, 125, 126, 127, 128, 129, 131, 132, 133, 135, 136, 138, 139, 140, 141, 142, 143, 144, 145, 146, 147, 148, 149, 151, 153, 155, 156, 158, 159, 160, 161, 162, 163, 164, 165, 166, 167, 168, 169, 171, 173, 175, 176, 178, 179, 180, 181, 183, 184, 185, 186, 187, 188, 189, 191, 195, 196, 198, 199
(c=0.7,d=0.1) & , 0, 1, 2, 3, 4, 5, 6, 7, 8, 9, 11, 12, 13, 15, 16, 18, 19, 20, 21, 22, 23, 24, 26, 27, 28, 29, 31, 35, 36, 38, 39, 40, 41, 42, 43, 44, 46, 47, 48, 49, 51, 55, 56, 59, 60, 61, 63, 64, 67, 68, 71, 75, 76, 80, 81, 84, 87, 88, 100, 101, 102, 103, 104, 105, 106, 107, 108, 109, 111, 112, 113, 115, 116, 118, 119, 120, 121, 122, 123, 124, 125, 126, 127, 128, 129, 131, 133, 135, 136, 138, 139, 140, 141, 142, 143, 144, 145, 146, 147, 148, 149, 151, 153, 155, 156, 158, 159, 160, 161, 163, 164, 165, 166, 167, 168, 169, 171, 175, 176, 178, 179, 180, 181, 183, 184, 185, 186, 187, 188, 189, 191, 195, 196, 199
(c=0.7,d=0.15) & , 0, 1, 2, 3, 4, 6, 7, 8, 9, 11, 15, 16, 18, 19, 20, 21, 22, 23, 24, 26, 27, 28, 29, 31, 35, 36, 39, 40, 41, 43, 44, 47, 48, 51, 55, 56, 60, 61, 64, 67, 68, 80, 81, 82, 83, 84, 85, 86, 87, 88, 89, 91, 92, 93, 95, 96, 98, 99, 100, 101, 102, 103, 104, 105, 106, 107, 108, 109, 111, 113, 115, 116, 118, 119, 120, 121, 122, 123, 124, 125, 126, 127, 128, 129, 131, 133, 135, 136, 138, 139, 140, 141, 143, 144, 145, 146, 147, 148, 149, 151, 155, 156, 158, 159, 160, 161, 163, 164, 165, 166, 167, 168, 169, 171, 175, 176, 179, 180, 181, 182, 183, 184, 185, 186, 187, 188, 189, 191, 192, 193, 195, 196, 197, 198, 199
(c=0.7,d=0.2) & , 0, 1, 2, 3, 4, 6, 7, 8, 9, 11, 15, 16, 19, 20, 21, 23, 24, 27, 28, 31, 35, 36, 40, 41, 44, 47, 48, 60, 61, 62, 63, 64, 65, 66, 67, 68, 69, 71, 72, 73, 75, 76, 78, 79, 80, 81, 82, 83, 84, 85, 86, 87, 88, 89, 91, 93, 95, 96, 98, 99, 100, 101, 102, 103, 104, 105, 106, 107, 108, 109, 111, 113, 115, 116, 118, 119, 120, 121, 123, 124, 125, 126, 127, 128, 129, 131, 135, 136, 138, 139, 140, 141, 143, 144, 145, 146, 147, 148, 149, 151, 155, 156, 159, 160, 161, 162, 163, 164, 165, 166, 167, 168, 169, 171, 172, 173, 175, 176, 177, 178, 179, 180, 181, 182, 183, 184, 185, 186, 187, 188, 189, 191, 192, 193, 195, 196, 197, 198, 199
(c=0.7,d=0.25) & , 0, 1, 3, 4, 7, 8, 11, 15, 16, 20, 21, 24, 27, 28, 40, 41, 42, 43, 44, 45, 46, 47, 48, 49, 51, 52, 53, 55, 56, 58, 59, 60, 61, 62, 63, 64, 65, 66, 67, 68, 69, 71, 73, 75, 76, 78, 79, 80, 81, 82, 83, 84, 85, 86, 87, 88, 89, 91, 93, 95, 96, 98, 99, 100, 101, 103, 104, 105, 106, 107, 108, 109, 111, 115, 116, 118, 119, 120, 121, 123, 124, 125, 126, 127, 128, 129, 131, 135, 136, 139, 140, 141, 142, 143, 144, 145, 146, 147, 148, 149, 151, 152, 153, 155, 156, 157, 158, 159, 160, 161, 162, 163, 164, 165, 166, 167, 168, 169, 171, 172, 173, 175, 176, 177, 178, 179, 180, 181, 182, 183, 184, 185, 186, 187, 188, 189, 191, 192, 193, 195, 196, 197, 198, 199
(c=0.7,d=0.3) & , 0, 1, 4, 7, 8, 20, 21, 22, 23, 24, 25, 26, 27, 28, 29, 31, 32, 33, 35, 36, 38, 39, 40, 41, 42, 43, 44, 45, 46, 47, 48, 49, 51, 53, 55, 56, 58, 59, 60, 61, 62, 63, 64, 65, 66, 67, 68, 69, 71, 73, 75, 76, 78, 79, 80, 81, 83, 84, 85, 86, 87, 88, 89, 91, 95, 96, 98, 99, 100, 101, 103, 104, 105, 106, 107, 108, 109, 111, 115, 116, 119, 120, 121, 122, 123, 124, 125, 126, 127, 128, 129, 131, 132, 133, 135, 136, 137, 138, 139, 140, 141, 142, 143, 144, 145, 146, 147, 148, 149, 151, 152, 153, 155, 156, 157, 158, 159, 160, 161, 162, 163, 164, 165, 166, 167, 168, 169, 171, 172, 173, 175, 176, 177, 178, 179, 180, 181, 182, 183, 184, 185, 186, 187, 188, 189, 191, 192, 193, 195, 196, 198, 199
(c=0.8,d=0.1) & , 0, 1, 2, 3, 4, 5, 6, 7, 8, 9, 11, 12, 13, 15, 16, 18, 19, 20, 21, 22, 23, 24, 25, 26, 27, 28, 29, 31, 33, 35, 36, 38, 39, 40, 41, 42, 43, 44, 45, 46, 47, 48, 49, 51, 53, 55, 56, 58, 59, 60, 61, 63, 64, 65, 66, 67, 68, 69, 71, 75, 76, 78, 79, 80, 81, 83, 84, 85, 86, 87, 88, 89, 91, 95, 96, 99, 100, 101, 102, 103, 104, 105, 106, 107, 108, 109, 111, 112, 113, 115, 116, 117, 118, 119, 120, 121, 122, 123, 124, 125, 126, 127, 128, 129, 131, 132, 133, 135, 136, 137, 138, 139, 140, 141, 142, 143, 144, 145, 146, 147, 148, 149, 151, 152, 153, 155, 156, 157, 158, 159, 160, 161, 162, 163, 164, 165, 166, 167, 168, 169, 171, 172, 173, 175, 176, 178, 179, 180, 181, 182, 183, 184, 185, 186, 187, 188, 189, 191, 192, 195, 196, 198, 199
(c=0.8,d=0.15) & , 0, 1, 2, 3, 4, 5, 6, 7, 8, 9, 11, 13, 15, 16, 18, 19, 20, 21, 22, 23, 24, 25, 26, 27, 28, 29, 31, 33, 35, 36, 38, 39, 40, 41, 43, 44, 45, 46, 47, 48, 49, 51, 55, 56, 58, 59, 60, 61, 63, 64, 65, 66, 67, 68, 69, 71, 75, 76, 79, 80, 81, 82, 83, 84, 85, 86, 87, 88, 89, 91, 92, 93, 95, 96, 97, 98, 99, 100, 101, 102, 103, 104, 105, 106, 107, 108, 109, 111, 112, 113, 115, 116, 117, 118, 119, 120, 121, 122, 123, 124, 125, 126, 127, 128, 129, 131, 132, 133, 135, 136, 137, 138, 139, 140, 141, 142, 143, 144, 145, 146, 147, 148, 149, 151, 152, 153, 155, 156, 158, 159, 160, 161, 162, 163, 164, 165, 166, 167, 168, 169, 171, 172, 175, 176, 178, 179, 180, 186, 187, 189, 191, 192, 196
(c=0.8,d=0.2) & , 0, 1, 2, 3, 4, 5, 6, 7, 8, 9, 11, 13, 15, 16, 18, 19, 20, 21, 23, 24, 25, 26, 27, 28, 29, 31, 35, 36, 38, 39, 40, 41, 43, 44, 45, 46, 47, 48, 49, 51, 55, 56, 59, 60, 61, 62, 63, 64, 65, 66, 67, 68, 69, 71, 72, 73, 75, 76, 77, 78, 79, 80, 81, 82, 83, 84, 85, 86, 87, 88, 89, 91, 92, 93, 95, 96, 97, 98, 99, 100, 101, 102, 103, 104, 105, 106, 107, 108, 109, 111, 112, 113, 115, 116, 117, 118, 119, 120, 121, 122, 123, 124, 125, 126, 127, 128, 129, 131, 132, 133, 135, 136, 138, 139, 140, 141, 142, 143, 144, 145, 146, 147, 148, 149, 151, 152, 155, 156, 158, 159, 160, 166, 167, 169, 171, 172, 176, 182, 183, 184, 186, 187, 189, 190, 193, 194, 197, 198
(c=0.8,d=0.25) & , 0, 1, 3, 4, 5, 6, 7, 8, 9, 11, 15, 16, 18, 19, 20, 21, 23, 24, 25, 26, 27, 28, 29, 31, 35, 36, 39, 40, 41, 42, 43, 44, 45, 46, 47, 48, 49, 51, 52, 53, 55, 56, 57, 58, 59, 60, 61, 62, 63, 64, 65, 66, 67, 68, 69, 71, 72, 73, 75, 76, 77, 78, 79, 80, 81, 82, 83, 84, 85, 86, 87, 88, 89, 91, 92, 93, 95, 96, 97, 98, 99, 100, 101, 102, 103, 104, 105, 106, 107, 108, 109, 111, 112, 113, 115, 116, 118, 119, 120, 121, 122, 123, 124, 125, 126, 127, 128, 129, 131, 132, 135, 136, 138, 139, 140, 146, 147, 149, 151, 152, 156, 162, 163, 164, 166, 167, 169, 170, 173, 174, 177, 178, 180, 181, 183, 184, 186, 187, 188, 189, 191, 193, 196, 197, 198
(c=0.8,d=0.3) & , 0, 1, 3, 4, 5, 6, 7, 8, 9, 11, 15, 16, 19, 20, 21, 22, 23, 24, 25, 26, 27, 28, 29, 31, 32, 33, 35, 36, 37, 38, 39, 40, 41, 42, 43, 44, 45, 46, 47, 48, 49, 51, 52, 53, 55, 56, 57, 58, 59, 60, 61, 62, 63, 64, 65, 66, 67, 68, 69, 71, 72, 73, 75, 76, 77, 78, 79, 80, 81, 82, 83, 84, 85, 86, 87, 88, 89, 91, 92, 93, 95, 96, 98, 99, 100, 101, 102, 103, 104, 105, 106, 107, 108, 109, 111, 112, 115, 116, 118, 119, 120, 126, 127, 129, 131, 132, 136, 142, 143, 144, 146, 147, 149, 150, 153, 154, 157, 158, 160, 161, 163, 164, 166, 167, 168, 169, 171, 173, 176, 177, 178, 180, 181, 182, 183, 185, 186, 188, 189, 190, 191, 192, 194, 195, 198, 199
(c=0.9,d=0.1) & , 0, 1, 2, 3, 4, 5, 6, 7, 8, 9, 11, 12, 13, 15, 16, 17, 18, 19, 20, 21, 22, 23, 24, 25, 26, 27, 28, 29, 31, 32, 33, 35, 36, 37, 38, 39, 40, 41, 42, 43, 44, 45, 46, 47, 48, 49, 51, 52, 53, 55, 56, 57, 58, 59, 60, 61, 62, 63, 64, 65, 66, 67, 68, 69, 71, 72, 73, 75, 76, 78, 79, 80, 81, 82, 83, 84, 85, 86, 87, 88, 89, 91, 92, 95, 96, 98, 99, 100, 106, 107, 109, 111, 112, 116, 122, 123, 124, 126, 127, 129, 130, 133, 134, 137, 138, 140, 141, 143, 144, 146, 147, 148, 149, 151, 153, 156, 157, 158, 160, 161, 162, 163, 165, 166, 168, 169, 170, 171, 172, 174, 175, 178, 179, 181, 182, 183, 184, 188, 189, 190, 191, 192, 193, 195, 197, 199
(c=0.9,d=0.15) & , 0, 1, 2, 3, 4, 5, 6, 7, 8, 9, 11, 12, 13, 15, 16, 17, 18, 19, 20, 21, 22, 23, 24, 25, 26, 27, 28, 29, 31, 32, 33, 35, 36, 37, 38, 39, 40, 41, 42, 43, 44, 45, 46, 47, 48, 49, 51, 52, 53, 55, 56, 58, 59, 60, 61, 62, 63, 64, 65, 66, 67, 68, 69, 71, 72, 75, 76, 78, 79, 80, 86, 87, 89, 91, 92, 96, 102, 103, 104, 106, 107, 109, 110, 113, 114, 117, 118, 120, 121, 123, 124, 126, 127, 128, 129, 131, 133, 136, 137, 138, 140, 141, 142, 143, 145, 146, 148, 149, 150, 151, 152, 154, 155, 158, 159, 161, 162, 163, 164, 168, 169, 170, 171, 172, 173, 175, 177, 179, 180, 181, 183, 184, 186, 187, 188, 189, 190, 191, 192, 193, 195, 196, 197, 199
(c=0.9,d=0.2) & , 0, 1, 2, 3, 4, 5, 6, 7, 8, 9, 11, 12, 13, 15, 16, 17, 18, 19, 20, 21, 22, 23, 24, 25, 26, 27, 28, 29, 31, 32, 33, 35, 36, 38, 39, 40, 41, 42, 43, 44, 45, 46, 47, 48, 49, 51, 52, 55, 56, 58, 59, 60, 66, 67, 69, 71, 72, 76, 82, 83, 84, 86, 87, 89, 90, 93, 94, 97, 98, 100, 101, 103, 104, 106, 107, 108, 109, 111, 113, 116, 117, 118, 120, 121, 122, 123, 125, 126, 128, 129, 130, 131, 132, 134, 135, 138, 139, 141, 142, 143, 144, 148, 149, 150, 151, 152, 153, 155, 157, 159, 160, 161, 163, 164, 166, 167, 168, 169, 170, 171, 172, 173, 175, 176, 177, 179, 181, 183, 185, 188, 189, 191, 192, 193, 194, 195, 196, 197, 199
(c=0.9,d=0.25) & , 0, 1, 2, 3, 4, 5, 6, 7, 8, 9, 11, 12, 13, 15, 16, 18, 19, 20, 21, 22, 23, 24, 25, 26, 27, 28, 29, 31, 32, 35, 36, 38, 39, 40, 46, 47, 49, 51, 52, 56, 62, 63, 64, 66, 67, 69, 70, 73, 74, 77, 78, 80, 81, 83, 84, 86, 87, 88, 89, 91, 93, 96, 97, 98, 100, 101, 102, 103, 105, 106, 108, 109, 110, 111, 112, 114, 115, 118, 119, 121, 122, 123, 124, 128, 129, 130, 131, 132, 133, 135, 137, 139, 140, 141, 143, 144, 146, 147, 148, 149, 150, 151, 152, 153, 155, 156, 157, 159, 161, 163, 165, 168, 169, 171, 172, 173, 174, 175, 176, 177, 179, 180, 181, 182, 187, 190, 191, 193, 194, 195, 197, 199
(c=0.9,d=0.3) & , 0, 1, 2, 3, 4, 5, 6, 7, 8, 9, 11, 12, 15, 16, 18, 19, 20, 26, 27, 29, 31, 32, 36, 42, 43, 44, 46, 47, 49, 50, 53, 54, 57, 58, 60, 61, 63, 64, 66, 67, 68, 69, 71, 73, 76, 77, 78, 80, 81, 82, 83, 85, 86, 88, 89, 90, 91, 92, 94, 95, 98, 99, 101, 102, 103, 104, 108, 109, 110, 111, 112, 113, 115, 117, 119, 120, 121, 123, 124, 126, 127, 128, 129, 130, 131, 132, 133, 135, 136, 137, 139, 141, 143, 145, 148, 149, 151, 152, 153, 154, 155, 156, 157, 159, 160, 161, 162, 167, 170, 171, 173, 174, 175, 177, 179, 180, 182, 183, 184, 185, 187, 188, 189, 191, 192, 193, 194, 196, 198, 199

Nombre d'apparition dans le noyau
1 & 4, 42, 47, 58, 63, 66, 67, 68, 83, 91, 95, 112, 123, 124, 129, 131, 132, 136, 145, 156, 170, 171, 174, 185, 187, 188, 199 & 20
28 & 0, 69, 78, 80, 81, 98, 119, 128, 149, 175, 182 & 19
39 & 3, 11, 29, 54, 101, 127, 137, 152, 157, 173, 184, 192 & 18
51 & 1, 7, 8, 15, 36, 43, 46, 103, 117 & 17
60 & 16, 19, 50, 53, 57, 60, 64, 71, 102, 110, 133, 143, 151, 155, 159, 163, 189, 194, 196 & 16
79 & 9, 20, 139 & 15
82 & 2, 6, 27, 90, 94, 108, 120, 153, 160, 161, 179 & 14
93 & 126, 154, 177 & 13
96 & 5, 26, 73, 88, 147, 148, 198 & 12
103 & 18, 32, 49, 82, 85, 92, 104, 141, 162 & 11
112 & 76, 77, 99, 109, 111, 130, 135 & 10
119 & 13 & 9
120 & 12, 41, 48, 86, 113, 167, 180, 183, 193 & 8
129 & 28, 75, 89, 93 & 6
133 & 31, 44, 61, 115, 121, 142, 191 & 5
140 & 34, 65, 79, 118, 165, 181 & 4
146 & 17, 23, 59, 106 & 3
150 & 33, 40, 84 & 2
153 & 125 & 1
154 & 10, 14, 21, 22, 24, 25, 30, 35, 37, 38, 39, 45, 51, 52, 55, 56, 62, 70, 72, 74, 87, 96, 97, 100, 105, 107, 114, 116, 122, 134, 138, 140, 144, 146, 150, 158, 164, 166, 168, 169, 172, 176, 178, 186, 190, 195, 197 & 0

------------------------------------------------------------------------
--------------------------------PROMETHEE-------------------------------
------------------------------------------------------------------------
Préférences globales
0:0->	0	0	0	
0:1->	0.16125	0.152857	0.153333	
0:2->	0.18375	0.165714	0.151667	
0:3->	0.19375	0.178571	0.158333	
0:4->	0.17875	0.175714	0.18	
0:5->	0.2925	0.298571	0.303333	
0:6->	0.20375	0.204286	0.205	
0:7->	0.12125	0.114286	0.108333	
0:8->	0.195	0.194286	0.193333	
0:9->	0.1725	0.167143	0.163333	
1:0->	0.085	0.0757143	0.0766667	
1:1->	0	0	0	
1:2->	0.18375	0.174286	0.163333	
1:3->	0.1425	0.135714	0.133333	
1:4->	0.1525	0.15	0.15	
1:5->	0.20375	0.197143	0.188333	
1:6->	0.1125	0.105714	0.1	
1:7->	0.08125	0.0771429	0.0733333	
1:8->	0.165	0.158571	0.151667	
1:9->	0.06875	0.05	0.0283333	
2:0->	0.0975	0.0971429	0.0966667	
2:1->	0.1625	0.157143	0.15	
2:2->	0	0	0	
2:3->	0.23	0.227143	0.218333	
2:4->	0.245	0.244286	0.243333	
2:5->	0.27875	0.282857	0.286667	
2:6->	0.0825	0.0685714	0.055	
2:7->	0.1975	0.19	0.18	
2:8->	0.14875	0.134286	0.115	
2:9->	0.18	0.184286	0.19	
3:0->	0.06875	0.0614286	0.055	
3:1->	0.085	0.0757143	0.0683333	
3:2->	0.21625	0.214286	0.215	
3:3->	0	0	0	
3:4->	0.07625	0.0728571	0.0683333	
3:5->	0.1575	0.141429	0.14	
3:6->	0.2075	0.208571	0.213333	
3:7->	0.00375	0	0	
3:8->	0.12625	0.112857	0.108333	
3:9->	0.10625	0.0942857	0.085	
4:0->	0.04	0.0285714	0.0166667	
4:1->	0.12125	0.11	0.103333	
4:2->	0.24375	0.238571	0.231667	
4:3->	0.07625	0.0614286	0.0516667	
4:4->	0	0	0	
4:5->	0.22375	0.218571	0.213333	
4:6->	0.235	0.24	0.24	
4:7->	0.0625	0.0571429	0.0583333	
4:8->	0.12875	0.112857	0.103333	
4:9->	0.11375	0.0885714	0.065	
5:0->	0.075	0.0642857	0.055	
5:1->	0.08	0.07	0.0566667	
5:2->	0.2	0.202857	0.21	
5:3->	0.1075	0.108571	0.11	
5:4->	0.1225	0.111429	0.103333	
5:5->	0	0	0	
5:6->	0.1275	0.124286	0.12	
5:7->	0.0575	0.0457143	0.0366667	
5:8->	0.1775	0.174286	0.17	
5:9->	0.17625	0.18	0.185	
6:0->	0.11375	0.108571	0.101667	
6:1->	0.13125	0.127143	0.123333	
6:2->	0.1	0.0857143	0.07	
6:3->	0.26	0.261429	0.263333	
6:4->	0.2525	0.252857	0.253333	
6:5->	0.2325	0.225714	0.221667	
6:6->	0	0	0	
6:7->	0.1875	0.185714	0.183333	
6:8->	0.135	0.14	0.146667	
6:9->	0.19625	0.175714	0.166667	
7:0->	0.055	0.0471429	0.045	
7:1->	0.085	0.0757143	0.0633333	
7:2->	0.24625	0.238571	0.235	
7:3->	0.065	0.0514286	0.035	
7:4->	0.1125	0.107143	0.103333	
7:5->	0.18625	0.175714	0.158333	
7:6->	0.19875	0.198571	0.198333	
7:7->	0	0	0	
7:8->	0.14875	0.14	0.13	
7:9->	0.13875	0.13	0.118333	
8:0->	0.0925	0.0771429	0.0633333	
8:1->	0.15	0.135714	0.125	
8:2->	0.19375	0.192857	0.198333	
8:3->	0.21375	0.222857	0.235	
8:4->	0.17625	0.172857	0.168333	
8:5->	0.3075	0.317143	0.323333	
8:6->	0.10625	0.0928571	0.09	
8:7->	0.13125	0.127143	0.123333	
8:8->	0	0	0	
8:9->	0.17	0.161429	0.155	
9:0->	0.04875	0.0471429	0.0466667	
9:1->	0.03375	0.0228571	0.01	
9:2->	0.1375	0.121429	0.105	
9:3->	0.1025	0.0871429	0.0733333	
9:4->	0.135	0.132857	0.13	
9:5->	0.24625	0.245714	0.245	
9:6->	0.17625	0.172857	0.168333	
9:7->	0.07625	0.0657143	0.0533333	
9:8->	0.14375	0.135714	0.126667	
9:9->	0	0	0	
Scores totaux

63: 0.213291
63: 0.426558
63: 0.639648
145: 0.209227
145: 0.417885
145: 0.6259
54: 0.206501
54: 0.412761
54: 0.619135
58: 0.203109
58: 0.406691
58: 0.61072
123: 0.193285
123: 0.386573
123: 0.579772
124: 0.181087
124: 0.362594
124: 0.545174
68: 0.177789
68: 0.354695
20: 0.530805
20: 0.176482
20: 0.353259
68: 0.530591
170: 0.156545
170: 0.313717
170: 0.471807
81: 0.153813
81: 0.307711
81: 0.461488
171: 0.149598
171: 0.299569
171: 0.449293
136: 0.149077
136: 0.296679
136: 0.442893
47: 0.143618
47: 0.285858
0: 0.428614
0: 0.142531
0: 0.28508
47: 0.426779
127: 0.141187
127: 0.281919
127: 0.422522
117: 0.127758
117: 0.256078
117: 0.384595
67: 0.126344
67: 0.252884
67: 0.38064
133: 0.123562
133: 0.247747
133: 0.372504
163: 0.121614
173: 0.242118
173: 0.36329
173: 0.121106
163: 0.242095
163: 0.361442
83: 0.116796
83: 0.233702
83: 0.350377
188: 0.112569
188: 0.226661
188: 0.341988
187: 0.109987
187: 0.220418
187: 0.331164
43: 0.109497
43: 0.219167
43: 0.328648
165: 0.108982
165: 0.2183
165: 0.327404
174: 0.107588
174: 0.214774
174: 0.322563
42: 0.105264
42: 0.210777
42: 0.316439
80: 0.103857
80: 0.20876
80: 0.314748
137: 0.10179
137: 0.204008
137: 0.306228
91: 0.100842
91: 0.202134
91: 0.303315
199: 0.0972864
199: 0.194365
199: 0.29114
129: 0.0959611
129: 0.191331
129: 0.286029
95: 0.0922048
95: 0.184868
95: 0.277808
73: 0.091897
73: 0.184115
185: 0.277389
185: 0.0914259
185: 0.183587
73: 0.276201
102: 0.0898178
102: 0.179172
102: 0.268317
31: 0.0861369
31: 0.173409
31: 0.260938
182: 0.0852324
182: 0.170975
182: 0.257098
98: 0.0833166
98: 0.165865
98: 0.248369
105: 0.0824183
105: 0.164522
105: 0.245803
128: 0.0819284
128: 0.163027
156: 0.245395
156: 0.0806219
156: 0.162539
151: 0.243346
151: 0.0802638
151: 0.161219
128: 0.242968
78: 0.0770163
78: 0.154942
78: 0.233325
112: 0.0752324
112: 0.150207
112: 0.22504
7: 0.0727198
7: 0.145168
29: 0.217746
53: 0.0723367
29: 0.144882
7: 0.216977
29: 0.0722613
53: 0.143823
53: 0.214535
66: 0.067701
66: 0.13521
66: 0.202639
71: 0.0663065
71: 0.132315
71: 0.19791
157: 0.0659171
157: 0.131725
157: 0.19711
1: 0.0646231
1: 0.128586
1: 0.191735
189: 0.0615075
189: 0.122434
189: 0.182568
192: 0.059755
192: 0.11969
192: 0.180109
120: 0.058549
120: 0.116812
120: 0.174802
6: 0.0535302
6: 0.106287
109: 0.159734
23: 0.052544
109: 0.105471
23: 0.158484
175: 0.0524435
23: 0.105444
6: 0.15833
109: 0.0521545
175: 0.104159
119: 0.1561
119: 0.0511558
119: 0.103302
175: 0.155759
149: 0.0502198
149: 0.100622
149: 0.151024
8: 0.0495352
8: 0.0985948
8: 0.147364
69: 0.0483166
135: 0.0967588
135: 0.145955
198: 0.0480465
69: 0.0963209
69: 0.143574
135: 0.0479146
198: 0.0949094
198: 0.140512
11: 0.0465201
11: 0.092823
11: 0.13856
64: 0.0413191
64: 0.0836953
64: 0.126685
65: 0.0402198
65: 0.0798824
65: 0.119087
36: 0.0386495
36: 0.0770056
36: 0.115347
132: 0.038304
132: 0.0766242
132: 0.114916
152: 0.0378643
152: 0.0751436
152: 0.112254
86: 0.0341834
86: 0.068304
86: 0.10291
139: 0.033348
139: 0.0666574
139: 0.100058
101: 0.0332098
101: 0.0665695
101: 0.099953
141: 0.0321796
141: 0.0645917
141: 0.0968698
4: 0.0307789
4: 0.0611594
184: 0.0927602
155: 0.0305528
155: 0.060682
4: 0.0917456
2: 0.0304083
184: 0.0604487
155: 0.0909584
184: 0.0295729
2: 0.0603939
2: 0.0900003
18: 0.029441
18: 0.0589169
18: 0.0887745
46: 0.0255088
32: 0.0510436
32: 0.0787069
32: 0.024956
46: 0.0501247
46: 0.0742705
130: 0.0240452
130: 0.0475987
130: 0.0699521
88: 0.0226319
88: 0.0452019
88: 0.0676642
26: 0.0213505
26: 0.0423627
26: 0.0635017
147: 0.019598
52: 0.0392435
52: 0.0597628
52: 0.0194661
147: 0.038794
147: 0.0579313
161: 0.0171734
162: 0.0351059
162: 0.0544107
50: 0.0170352
161: 0.0346321
161: 0.0527812
162: 0.0169724
50: 0.0334673
50: 0.0497069
143: 0.0163693
143: 0.0328446
143: 0.0495782
177: 0.0159925
177: 0.0323241
177: 0.0493593
48: 0.014755
48: 0.0307421
48: 0.0474255
9: 0.0124121
9: 0.0246877
9: 0.0363376
121: 0.0120163
121: 0.0237464
121: 0.0351283
16: 0.0111055
16: 0.0219813
108: 0.0324689
108: 0.00996231
108: 0.0206012
16: 0.0323247
3: 0.00815955
3: 0.0161495
3: 0.0242148
159: 0.00485553
159: 0.0099309
159: 0.0150147
94: 0.00242462
94: 0.0049659
94: 0.00723558
15: 0.00208543
15: 0.00343503
15: 0.00372816
160: 0.00134422
160: 0.00214106
160: 0.00245932
179: 0.00013191
179: 0.000117552
179: -0.000142079
126: -0.00297111
126: -0.00554828
126: -0.00749133
85: -0.00539573
85: -0.010227
85: -0.0147245
180: -0.0107601
180: -0.0203796
180: -0.0291903
76: -0.0118216
76: -0.0236737
76: -0.0358513
44: -0.0125628
44: -0.0251543
44: -0.0378847
196: -0.014598
196: -0.0294078
196: -0.0446925
28: -0.0154146
28: -0.0309709
28: -0.0469257
27: -0.0154271
131: -0.031722
131: -0.0472748
131: -0.0159359
27: -0.0318449
27: -0.0488466
194: -0.0170917
194: -0.0338684
13: -0.049749
13: -0.0176445
13: -0.0343638
194: -0.0502085
49: -0.0204585
49: -0.041198
49: -0.0627725
60: -0.0211432
60: -0.0432968
191: -0.0650918
75: -0.022299
191: -0.0444302
60: -0.0660272
103: -0.0228266
103: -0.0452172
103: -0.067579
191: -0.0229083
75: -0.0455294
61: -0.0685403
61: -0.0232161
61: -0.046145
75: -0.0697589
57: -0.0239573
57: -0.0480851
57: -0.0721722
104: -0.0254209
104: -0.052413
89: -0.0788409
39: -0.0258417
89: -0.0524758
39: -0.0809614
89: -0.0262877
39: -0.0528123
104: -0.0810394
110: -0.0273304
90: -0.0548842
90: -0.0819362
90: -0.0276696
110: -0.0552127
110: -0.083546
12: -0.029554
12: -0.057788
12: -0.0847897
183: -0.029598
183: -0.0591242
183: -0.0884039
154: -0.0331784
154: -0.0654253
154: -0.0975694
19: -0.0351696
19: -0.0710346
19: -0.107534
107: -0.0371482
107: -0.0750808
21: -0.113659
21: -0.0388442
21: -0.0765398
107: -0.114118
33: -0.0427701
33: -0.0852683
33: -0.12794
115: -0.0434611
115: -0.0863541
115: -0.129327
99: -0.0437249
99: -0.0867974
99: -0.129352
148: -0.0444472
148: -0.0885607
148: -0.131869
166: -0.0448681
166: -0.0915946
166: -0.139518
118: -0.0486558
118: -0.0978805
37: -0.146609
5: -0.049843
37: -0.0989878
118: -0.148056
37: -0.0502513
5: -0.0997999
5: -0.149708
74: -0.0507915
74: -0.101517
74: -0.151868
77: -0.051049
77: -0.101774
77: -0.152344
92: -0.0517525
92: -0.103806
142: -0.15553
142: -0.0534359
142: -0.105446
92: -0.155799
113: -0.053549
113: -0.108007
153: -0.16332
153: -0.0538505
153: -0.108438
113: -0.163476
30: -0.0581658
30: -0.1165
30: -0.175311
186: -0.0606407
186: -0.120124
186: -0.178775
100: -0.061093
41: -0.122167
41: -0.1837
193: -0.061093
193: -0.122723
40: -0.184233
41: -0.0612123
100: -0.123297
193: -0.184883
40: -0.0628957
40: -0.124418
100: -0.186304
84: -0.0644095
84: -0.129011
84: -0.19345
59: -0.0648367
59: -0.130343
59: -0.196147
172: -0.0665201
172: -0.133419
172: -0.200781
114: -0.067745
114: -0.13496
114: -0.201099
168: -0.0746043
168: -0.148775
168: -0.222502
93: -0.0760113
93: -0.152731
93: -0.230402
111: -0.0786809
111: -0.157532
111: -0.236569
51: -0.080402
51: -0.160416
51: -0.240249
169: -0.0838379
169: -0.167585
169: -0.250584
82: -0.0850251
82: -0.170101
82: -0.255285
56: -0.0858417
56: -0.17124
56: -0.255679
106: -0.0863191
106: -0.172364
106: -0.258318
35: -0.0882852
35: -0.176368
35: -0.264894
17: -0.0888756
17: -0.177196
17: -0.265412
10: -0.0907977
10: -0.18247
10: -0.275042
34: -0.0929209
34: -0.186173
34: -0.279749
181: -0.0954334
181: -0.19043
181: -0.285815
45: -0.098103
45: -0.196818
45: -0.296207
138: -0.099598
138: -0.19949
138: -0.299264
87: -0.0998178
87: -0.20078
87: -0.302673
116: -0.101445
116: -0.203189
116: -0.305023
178: -0.103367
178: -0.207322
178: -0.312038
176: -0.110999
176: -0.220331
176: -0.328472
22: -0.111495
22: -0.222127
22: -0.33242
140: -0.113166
140: -0.226597
140: -0.340902
158: -0.114347
158: -0.228898
158: -0.344158
195: -0.117952
195: -0.235109
195: -0.350595
38: -0.11946
38: -0.237852
38: -0.35585
167: -0.121055
167: -0.242168
167: -0.363801
79: -0.125151
79: -0.251224
79: -0.37851
122: -0.130396
122: -0.261128
122: -0.391689
25: -0.131269
25: -0.261915
25: -0.39184
190: -0.132977
190: -0.266481
190: -0.399906
150: -0.138317
150: -0.276845
150: -0.415497
144: -0.140553
144: -0.281012
144: -0.421289
24: -0.142249
24: -0.285156
24: -0.428464
146: -0.149755
146: -0.300616
146: -0.452727
62: -0.153247
62: -0.307784
97: -0.460773
97: -0.154303
97: -0.308093
62: -0.462818
72: -0.15745
72: -0.314736
72: -0.471679
164: -0.164906
164: -0.330304
164: -0.495648
55: -0.168982
55: -0.337224
55: -0.504803
125: -0.184516
125: -0.369771
125: -0.556111
70: -0.201093
70: -0.402787
70: -0.604914
96: -0.209516
96: -0.418806
96: -0.627499
14: -0.21505
14: -0.430284
14: -0.645443
197: -0.221212
197: -0.442684
197: -0.663823
134: -0.317582
134: -0.63601
134: -0.955406

