------------------------------------------------------------------------
---------------------------------ELECTRE--------------------------------
------------------------------------------------------------------------
Indices de concordance
1	0.6	0.7	0.7	0.5	0.5	0.6	0.6	0.6	0.7	
0.4	1	0.6	0.6	0.6	0.5	0.6	0.5	0.5	0.7	
0.3	0.4	1	0.6	0.5	0.6	0.4	0.5	0.6	0.4	
0.3	0.4	0.4	1	0.4	0.5	0.5	0.5	0.7	0.5	
0.5	0.5	0.5	0.7	1	0.4	0.5	0.5	0.6	0.7	
0.5	0.5	0.4	0.5	0.6	1	0.4	0.4	0.5	0.5	
0.4	0.4	0.6	0.5	0.6	0.6	1	0.4	0.5	0.6	
0.4	0.5	0.5	0.5	0.5	0.6	0.6	1	0.6	0.5	
0.4	0.5	0.4	0.3	0.4	0.5	0.5	0.5	1	0.6	
0.3	0.3	0.6	0.5	0.3	0.5	0.4	0.5	0.4	1	

Indices de discordance
0	0.66	0.51	0.5	0.3	0.37	0.67	0.47	0.42	0.48	
0.66	0	0.75	0.45	0.49	0.42	0.93	0.42	0.91	0.24	
0.58	0.51	0	0.95	0.88	0.81	0.42	0.92	0.74	0.67	
0.49	0.54	0.83	0	0.42	0.59	0.76	0.33	0.74	0.43	
0.79	0.65	0.66	0.51	0	0.54	0.63	0.75	0.61	0.76	
0.82	0.54	0.81	0.9	0.97	0	0.91	0.83	0.89	0.76	
0.6	0.59	0.42	0.77	0.84	0.61	0	0.7	0.7	0.63	
0.51	0.6	0.59	0.13	0.55	0.36	0.66	0	0.64	0.42	
0.63	0.71	0.52	0.56	0.52	0.64	0.72	0.53	0	0.53	
0.7	0.27	0.79	0.69	0.39	0.68	0.97	0.66	0.95	0	

Non surclasses
(concordance=0.6,discordance=0.1) ->	0	1	2	3	4	5	6	7	8	9	
(concordance=0.6,discordance=0.15) ->	0	1	2	3	4	7	8	9	
(concordance=0.6,discordance=0.2) ->	0	2	3	4	
(concordance=0.6,discordance=0.25) ->	0	3	4	
(concordance=0.6,discordance=0.3) ->	4	
(concordance=0.7,discordance=0.1) ->	0	1	2	3	4	5	6	7	8	9	
(concordance=0.7,discordance=0.15) ->	0	1	2	3	4	6	7	8	9	
(concordance=0.7,discordance=0.2) ->	0	1	2	3	4	6	7	8	9	
(concordance=0.7,discordance=0.25) ->	0	1	3	4	7	8	
(concordance=0.7,discordance=0.3) ->	0	1	4	7	8	
(concordance=0.8,discordance=0.1) ->	0	1	2	3	4	5	6	7	8	9	
(concordance=0.8,discordance=0.15) ->	0	1	2	3	4	5	6	7	8	9	
(concordance=0.8,discordance=0.2) ->	0	1	2	3	4	5	6	7	8	9	
(concordance=0.8,discordance=0.25) ->	0	1	3	4	5	6	7	8	9	
(concordance=0.8,discordance=0.3) ->	0	1	3	4	5	6	7	8	9	
(concordance=0.9,discordance=0.1) ->	0	1	2	3	4	5	6	7	8	9	
(concordance=0.9,discordance=0.15) ->	0	1	2	3	4	5	6	7	8	9	
(concordance=0.9,discordance=0.2) ->	0	1	2	3	4	5	6	7	8	9	
(concordance=0.9,discordance=0.25) ->	0	1	2	3	4	5	6	7	8	9	
(concordance=0.9,discordance=0.3) ->	0	1	2	3	4	5	6	7	8	9	

Nombre d'apparition dans le noyau
4 : 20
42 : 20
47 : 20
58 : 20
63 : 20
66 : 20
67 : 20
68 : 20
83 : 20
91 : 20
95 : 20
112 : 20
123 : 20
124 : 20
129 : 20
131 : 20
132 : 20
136 : 20
145 : 20
156 : 20
170 : 20
171 : 20
174 : 20
185 : 20
187 : 20
188 : 20
199 : 20
0 : 19
69 : 19
78 : 19
80 : 19
81 : 19
98 : 19
119 : 19
128 : 19
149 : 19
175 : 19
182 : 19
3 : 18
11 : 18
29 : 18
54 : 18
101 : 18
127 : 18
137 : 18
152 : 18
157 : 18
173 : 18
184 : 18
192 : 18
1 : 17
7 : 17
8 : 17
15 : 17
36 : 17
43 : 17
46 : 17
103 : 17
117 : 17
16 : 16
19 : 16
50 : 16
53 : 16
57 : 16
60 : 16
64 : 16
71 : 16
102 : 16
110 : 16
133 : 16
143 : 16
151 : 16
155 : 16
159 : 16
163 : 16
189 : 16
194 : 16
196 : 16
9 : 15
20 : 15
139 : 15
2 : 14
6 : 14
27 : 14
90 : 14
94 : 14
108 : 14
120 : 14
153 : 14
160 : 14
161 : 14
179 : 14
126 : 13
154 : 13
177 : 13
5 : 12
26 : 12
73 : 12
88 : 12
147 : 12
148 : 12
198 : 12
18 : 11
32 : 11
49 : 11
82 : 11
85 : 11
92 : 11
104 : 11
141 : 11
162 : 11
76 : 10
77 : 10
99 : 10
109 : 10
111 : 10
130 : 10
135 : 10
13 : 9
12 : 8
41 : 8
48 : 8
86 : 8
113 : 8
167 : 8
180 : 8
183 : 8
193 : 8
28 : 6
75 : 6
89 : 6
93 : 6
31 : 5
44 : 5
61 : 5
115 : 5
121 : 5
142 : 5
191 : 5
34 : 4
65 : 4
79 : 4
118 : 4
165 : 4
181 : 4
17 : 3
23 : 3
59 : 3
106 : 3
33 : 2
40 : 2
84 : 2
125 : 1
10 : 0
14 : 0
21 : 0
22 : 0
24 : 0
25 : 0
30 : 0
35 : 0
37 : 0
38 : 0
39 : 0
45 : 0
51 : 0
52 : 0
55 : 0
56 : 0
62 : 0
70 : 0
72 : 0
74 : 0
87 : 0
96 : 0
97 : 0
100 : 0
105 : 0
107 : 0
114 : 0
116 : 0
122 : 0
134 : 0
138 : 0
140 : 0
144 : 0
146 : 0
150 : 0
158 : 0
164 : 0
166 : 0
168 : 0
169 : 0
172 : 0
176 : 0
178 : 0
186 : 0
190 : 0
195 : 0
197 : 0

------------------------------------------------------------------------
--------------------------------PROMETHEE-------------------------------
------------------------------------------------------------------------
Préférences globales
{10,90}{15,85}{20,80}
0:0->	0	0	0	
0:1->	0.16125	0.152857	0.153333	
0:2->	0.18375	0.165714	0.151667	
0:3->	0.19375	0.178571	0.158333	
0:4->	0.17875	0.175714	0.18	
0:5->	0.2925	0.298571	0.303333	
0:6->	0.20375	0.204286	0.205	
0:7->	0.12125	0.114286	0.108333	
0:8->	0.195	0.194286	0.193333	
0:9->	0.1725	0.167143	0.163333	
1:0->	0.085	0.0757143	0.0766667	
1:1->	0	0	0	
1:2->	0.18375	0.174286	0.163333	
1:3->	0.1425	0.135714	0.133333	
1:4->	0.1525	0.15	0.15	
1:5->	0.20375	0.197143	0.188333	
1:6->	0.1125	0.105714	0.1	
1:7->	0.08125	0.0771429	0.0733333	
1:8->	0.165	0.158571	0.151667	
1:9->	0.06875	0.05	0.0283333	
2:0->	0.0975	0.0971429	0.0966667	
2:1->	0.1625	0.157143	0.15	
2:2->	0	0	0	
2:3->	0.23	0.227143	0.218333	
2:4->	0.245	0.244286	0.243333	
2:5->	0.27875	0.282857	0.286667	
2:6->	0.0825	0.0685714	0.055	
2:7->	0.1975	0.19	0.18	
2:8->	0.14875	0.134286	0.115	
2:9->	0.18	0.184286	0.19	
3:0->	0.06875	0.0614286	0.055	
3:1->	0.085	0.0757143	0.0683333	
3:2->	0.21625	0.214286	0.215	
3:3->	0	0	0	
3:4->	0.07625	0.0728571	0.0683333	
3:5->	0.1575	0.141429	0.14	
3:6->	0.2075	0.208571	0.213333	
3:7->	0.00375	0	0	
3:8->	0.12625	0.112857	0.108333	
3:9->	0.10625	0.0942857	0.085	
4:0->	0.04	0.0285714	0.0166667	
4:1->	0.12125	0.11	0.103333	
4:2->	0.24375	0.238571	0.231667	
4:3->	0.07625	0.0614286	0.0516667	
4:4->	0	0	0	
4:5->	0.22375	0.218571	0.213333	
4:6->	0.235	0.24	0.24	
4:7->	0.0625	0.0571429	0.0583333	
4:8->	0.12875	0.112857	0.103333	
4:9->	0.11375	0.0885714	0.065	
5:0->	0.075	0.0642857	0.055	
5:1->	0.08	0.07	0.0566667	
5:2->	0.2	0.202857	0.21	
5:3->	0.1075	0.108571	0.11	
5:4->	0.1225	0.111429	0.103333	
5:5->	0	0	0	
5:6->	0.1275	0.124286	0.12	
5:7->	0.0575	0.0457143	0.0366667	
5:8->	0.1775	0.174286	0.17	
5:9->	0.17625	0.18	0.185	
6:0->	0.11375	0.108571	0.101667	
6:1->	0.13125	0.127143	0.123333	
6:2->	0.1	0.0857143	0.07	
6:3->	0.26	0.261429	0.263333	
6:4->	0.2525	0.252857	0.253333	
6:5->	0.2325	0.225714	0.221667	
6:6->	0	0	0	
6:7->	0.1875	0.185714	0.183333	
6:8->	0.135	0.14	0.146667	
6:9->	0.19625	0.175714	0.166667	
7:0->	0.055	0.0471429	0.045	
7:1->	0.085	0.0757143	0.0633333	
7:2->	0.24625	0.238571	0.235	
7:3->	0.065	0.0514286	0.035	
7:4->	0.1125	0.107143	0.103333	
7:5->	0.18625	0.175714	0.158333	
7:6->	0.19875	0.198571	0.198333	
7:7->	0	0	0	
7:8->	0.14875	0.14	0.13	
7:9->	0.13875	0.13	0.118333	
8:0->	0.0925	0.0771429	0.0633333	
8:1->	0.15	0.135714	0.125	
8:2->	0.19375	0.192857	0.198333	
8:3->	0.21375	0.222857	0.235	
8:4->	0.17625	0.172857	0.168333	
8:5->	0.3075	0.317143	0.323333	
8:6->	0.10625	0.0928571	0.09	
8:7->	0.13125	0.127143	0.123333	
8:8->	0	0	0	
8:9->	0.17	0.161429	0.155	
9:0->	0.04875	0.0471429	0.0466667	
9:1->	0.03375	0.0228571	0.01	
9:2->	0.1375	0.121429	0.105	
9:3->	0.1025	0.0871429	0.0733333	
9:4->	0.135	0.132857	0.13	
9:5->	0.24625	0.245714	0.245	
9:6->	0.17625	0.172857	0.168333	
9:7->	0.07625	0.0657143	0.0533333	
9:8->	0.14375	0.135714	0.126667	
9:9->	0	0	0	
Scores totaux

{10,90}{15,85}{20,80}
63(0.213291)	63(0.426558)	63(0.639648)	
145(0.209227)	145(0.417885)	145(0.6259)	
54(0.206501)	54(0.412761)	54(0.619135)	
58(0.203109)	58(0.406691)	58(0.61072)	
123(0.193285)	123(0.386573)	123(0.579772)	
124(0.181087)	124(0.362594)	124(0.545174)	
68(0.177789)	68(0.354695)	20(0.530805)	
20(0.176482)	20(0.353259)	68(0.530591)	
170(0.156545)	170(0.313717)	170(0.471807)	
81(0.153813)	81(0.307711)	81(0.461488)	
171(0.149598)	171(0.299569)	171(0.449293)	
136(0.149077)	136(0.296679)	136(0.442893)	
47(0.143618)	47(0.285858)	0(0.428614)	
0(0.142531)	0(0.28508)	47(0.426779)	
127(0.141187)	127(0.281919)	127(0.422522)	
117(0.127758)	117(0.256078)	117(0.384595)	
67(0.126344)	67(0.252884)	67(0.38064)	
133(0.123562)	133(0.247747)	133(0.372504)	
163(0.121614)	173(0.242118)	173(0.36329)	
173(0.121106)	163(0.242095)	163(0.361442)	
83(0.116796)	83(0.233702)	83(0.350377)	
188(0.112569)	188(0.226661)	188(0.341988)	
187(0.109987)	187(0.220418)	187(0.331164)	
43(0.109497)	43(0.219167)	43(0.328648)	
165(0.108982)	165(0.2183)	165(0.327404)	
174(0.107588)	174(0.214774)	174(0.322563)	
42(0.105264)	42(0.210777)	42(0.316439)	
80(0.103857)	80(0.20876)	80(0.314748)	
137(0.10179)	137(0.204008)	137(0.306228)	
91(0.100842)	91(0.202134)	91(0.303315)	
199(0.0972864)	199(0.194365)	199(0.29114)	
129(0.0959611)	129(0.191331)	129(0.286029)	
95(0.0922048)	95(0.184868)	95(0.277808)	
73(0.091897)	73(0.184115)	185(0.277389)	
185(0.0914259)	185(0.183587)	73(0.276201)	
102(0.0898178)	102(0.179172)	102(0.268317)	
31(0.0861369)	31(0.173409)	31(0.260938)	
182(0.0852324)	182(0.170975)	182(0.257098)	
98(0.0833166)	98(0.165865)	98(0.248369)	
105(0.0824183)	105(0.164522)	105(0.245803)	
128(0.0819284)	128(0.163027)	156(0.245395)	
156(0.0806219)	156(0.162539)	151(0.243346)	
151(0.0802638)	151(0.161219)	128(0.242968)	
78(0.0770163)	78(0.154942)	78(0.233325)	
112(0.0752324)	112(0.150207)	112(0.22504)	
7(0.0727198)	7(0.145168)	29(0.217746)	
53(0.0723367)	29(0.144882)	7(0.216977)	
29(0.0722613)	53(0.143823)	53(0.214535)	
66(0.067701)	66(0.13521)	66(0.202639)	
71(0.0663065)	71(0.132315)	71(0.19791)	
157(0.0659171)	157(0.131725)	157(0.19711)	
1(0.0646231)	1(0.128586)	1(0.191735)	
189(0.0615075)	189(0.122434)	189(0.182568)	
192(0.059755)	192(0.11969)	192(0.180109)	
120(0.058549)	120(0.116812)	120(0.174802)	
6(0.0535302)	6(0.106287)	109(0.159734)	
23(0.052544)	109(0.105471)	23(0.158484)	
175(0.0524435)	23(0.105444)	6(0.15833)	
109(0.0521545)	175(0.104159)	119(0.1561)	
119(0.0511558)	119(0.103302)	175(0.155759)	
149(0.0502198)	149(0.100622)	149(0.151024)	
8(0.0495352)	8(0.0985948)	8(0.147364)	
69(0.0483166)	135(0.0967588)	135(0.145955)	
198(0.0480465)	69(0.0963209)	69(0.143574)	
135(0.0479146)	198(0.0949094)	198(0.140512)	
11(0.0465201)	11(0.092823)	11(0.13856)	
64(0.0413191)	64(0.0836953)	64(0.126685)	
65(0.0402198)	65(0.0798824)	65(0.119087)	
36(0.0386495)	36(0.0770056)	36(0.115347)	
132(0.038304)	132(0.0766242)	132(0.114916)	
152(0.0378643)	152(0.0751436)	152(0.112254)	
86(0.0341834)	86(0.068304)	86(0.10291)	
139(0.033348)	139(0.0666574)	139(0.100058)	
101(0.0332098)	101(0.0665695)	101(0.099953)	
141(0.0321796)	141(0.0645917)	141(0.0968698)	
4(0.0307789)	4(0.0611594)	184(0.0927602)	
155(0.0305528)	155(0.060682)	4(0.0917456)	
2(0.0304083)	184(0.0604487)	155(0.0909584)	
184(0.0295729)	2(0.0603939)	2(0.0900003)	
18(0.029441)	18(0.0589169)	18(0.0887745)	
46(0.0255088)	32(0.0510436)	32(0.0787069)	
32(0.024956)	46(0.0501247)	46(0.0742705)	
130(0.0240452)	130(0.0475987)	130(0.0699521)	
88(0.0226319)	88(0.0452019)	88(0.0676642)	
26(0.0213505)	26(0.0423627)	26(0.0635017)	
147(0.019598)	52(0.0392435)	52(0.0597628)	
52(0.0194661)	147(0.038794)	147(0.0579313)	
161(0.0171734)	162(0.0351059)	162(0.0544107)	
50(0.0170352)	161(0.0346321)	161(0.0527812)	
162(0.0169724)	50(0.0334673)	50(0.0497069)	
143(0.0163693)	143(0.0328446)	143(0.0495782)	
177(0.0159925)	177(0.0323241)	177(0.0493593)	
48(0.014755)	48(0.0307421)	48(0.0474255)	
9(0.0124121)	9(0.0246877)	9(0.0363376)	
121(0.0120163)	121(0.0237464)	121(0.0351283)	
16(0.0111055)	16(0.0219813)	108(0.0324689)	
108(0.00996231)	108(0.0206012)	16(0.0323247)	
3(0.00815955)	3(0.0161495)	3(0.0242148)	
159(0.00485553)	159(0.0099309)	159(0.0150147)	
94(0.00242462)	94(0.0049659)	94(0.00723558)	
15(0.00208543)	15(0.00343503)	15(0.00372816)	
160(0.00134422)	160(0.00214106)	160(0.00245932)	
179(0.00013191)	179(0.000117552)	179(-0.000142079)	
126(-0.00297111)	126(-0.00554828)	126(-0.00749133)	
85(-0.00539573)	85(-0.010227)	85(-0.0147245)	
180(-0.0107601)	180(-0.0203796)	180(-0.0291903)	
76(-0.0118216)	76(-0.0236737)	76(-0.0358513)	
44(-0.0125628)	44(-0.0251543)	44(-0.0378847)	
196(-0.014598)	196(-0.0294078)	196(-0.0446925)	
28(-0.0154146)	28(-0.0309709)	28(-0.0469257)	
27(-0.0154271)	131(-0.031722)	131(-0.0472748)	
131(-0.0159359)	27(-0.0318449)	27(-0.0488466)	
194(-0.0170917)	194(-0.0338684)	13(-0.049749)	
13(-0.0176445)	13(-0.0343638)	194(-0.0502085)	
49(-0.0204585)	49(-0.041198)	49(-0.0627725)	
60(-0.0211432)	60(-0.0432968)	191(-0.0650918)	
75(-0.022299)	191(-0.0444302)	60(-0.0660272)	
103(-0.0228266)	103(-0.0452172)	103(-0.067579)	
191(-0.0229083)	75(-0.0455294)	61(-0.0685403)	
61(-0.0232161)	61(-0.046145)	75(-0.0697589)	
57(-0.0239573)	57(-0.0480851)	57(-0.0721722)	
104(-0.0254209)	104(-0.052413)	89(-0.0788409)	
39(-0.0258417)	89(-0.0524758)	39(-0.0809614)	
89(-0.0262877)	39(-0.0528123)	104(-0.0810394)	
110(-0.0273304)	90(-0.0548842)	90(-0.0819362)	
90(-0.0276696)	110(-0.0552127)	110(-0.083546)	
12(-0.029554)	12(-0.057788)	12(-0.0847897)	
183(-0.029598)	183(-0.0591242)	183(-0.0884039)	
154(-0.0331784)	154(-0.0654253)	154(-0.0975694)	
19(-0.0351696)	19(-0.0710346)	19(-0.107534)	
107(-0.0371482)	107(-0.0750808)	21(-0.113659)	
21(-0.0388442)	21(-0.0765398)	107(-0.114118)	
33(-0.0427701)	33(-0.0852683)	33(-0.12794)	
115(-0.0434611)	115(-0.0863541)	115(-0.129327)	
99(-0.0437249)	99(-0.0867974)	99(-0.129352)	
148(-0.0444472)	148(-0.0885607)	148(-0.131869)	
166(-0.0448681)	166(-0.0915946)	166(-0.139518)	
118(-0.0486558)	118(-0.0978805)	37(-0.146609)	
5(-0.049843)	37(-0.0989878)	118(-0.148056)	
37(-0.0502513)	5(-0.0997999)	5(-0.149708)	
74(-0.0507915)	74(-0.101517)	74(-0.151868)	
77(-0.051049)	77(-0.101774)	77(-0.152344)	
92(-0.0517525)	92(-0.103806)	142(-0.15553)	
142(-0.0534359)	142(-0.105446)	92(-0.155799)	
113(-0.053549)	113(-0.108007)	153(-0.16332)	
153(-0.0538505)	153(-0.108438)	113(-0.163476)	
30(-0.0581658)	30(-0.1165)	30(-0.175311)	
186(-0.0606407)	186(-0.120124)	186(-0.178775)	
100(-0.061093)	41(-0.122167)	41(-0.1837)	
193(-0.061093)	193(-0.122723)	40(-0.184233)	
41(-0.0612123)	100(-0.123297)	193(-0.184883)	
40(-0.0628957)	40(-0.124418)	100(-0.186304)	
84(-0.0644095)	84(-0.129011)	84(-0.19345)	
59(-0.0648367)	59(-0.130343)	59(-0.196147)	
172(-0.0665201)	172(-0.133419)	172(-0.200781)	
114(-0.067745)	114(-0.13496)	114(-0.201099)	
168(-0.0746043)	168(-0.148775)	168(-0.222502)	
93(-0.0760113)	93(-0.152731)	93(-0.230402)	
111(-0.0786809)	111(-0.157532)	111(-0.236569)	
51(-0.080402)	51(-0.160416)	51(-0.240249)	
169(-0.0838379)	169(-0.167585)	169(-0.250584)	
82(-0.0850251)	82(-0.170101)	82(-0.255285)	
56(-0.0858417)	56(-0.17124)	56(-0.255679)	
106(-0.0863191)	106(-0.172364)	106(-0.258318)	
35(-0.0882852)	35(-0.176368)	35(-0.264894)	
17(-0.0888756)	17(-0.177196)	17(-0.265412)	
10(-0.0907977)	10(-0.18247)	10(-0.275042)	
34(-0.0929209)	34(-0.186173)	34(-0.279749)	
181(-0.0954334)	181(-0.19043)	181(-0.285815)	
45(-0.098103)	45(-0.196818)	45(-0.296207)	
138(-0.099598)	138(-0.19949)	138(-0.299264)	
87(-0.0998178)	87(-0.20078)	87(-0.302673)	
116(-0.101445)	116(-0.203189)	116(-0.305023)	
178(-0.103367)	178(-0.207322)	178(-0.312038)	
176(-0.110999)	176(-0.220331)	176(-0.328472)	
22(-0.111495)	22(-0.222127)	22(-0.33242)	
140(-0.113166)	140(-0.226597)	140(-0.340902)	
158(-0.114347)	158(-0.228898)	158(-0.344158)	
195(-0.117952)	195(-0.235109)	195(-0.350595)	
38(-0.11946)	38(-0.237852)	38(-0.35585)	
167(-0.121055)	167(-0.242168)	167(-0.363801)	
79(-0.125151)	79(-0.251224)	79(-0.37851)	
122(-0.130396)	122(-0.261128)	122(-0.391689)	
25(-0.131269)	25(-0.261915)	25(-0.39184)	
190(-0.132977)	190(-0.266481)	190(-0.399906)	
150(-0.138317)	150(-0.276845)	150(-0.415497)	
144(-0.140553)	144(-0.281012)	144(-0.421289)	
24(-0.142249)	24(-0.285156)	24(-0.428464)	
146(-0.149755)	146(-0.300616)	146(-0.452727)	
62(-0.153247)	62(-0.307784)	97(-0.460773)	
97(-0.154303)	97(-0.308093)	62(-0.462818)	
72(-0.15745)	72(-0.314736)	72(-0.471679)	
164(-0.164906)	164(-0.330304)	164(-0.495648)	
55(-0.168982)	55(-0.337224)	55(-0.504803)	
125(-0.184516)	125(-0.369771)	125(-0.556111)	
70(-0.201093)	70(-0.402787)	70(-0.604914)	
96(-0.209516)	96(-0.418806)	96(-0.627499)	
14(-0.21505)	14(-0.430284)	14(-0.645443)	
197(-0.221212)	197(-0.442684)	197(-0.663823)	
134(-0.317582)	134(-0.63601)	134(-0.955406)	

